(mclheader
mcltype matrix
dimensions 4297x833
)
(mclmatrix
begin
0    12 13 14 15 18 19 27 28 29 44 62 65 69 71 73 84 85 97 108 133
       134 138 148 149 155 160 181 184 195 197 198 199 200 201 202
       203 204 205 206 211 213 214 219 235 241 254 258 295 298 337
       338 343 345 355 356 360 369 375 382 411 418 432 442 446 448
       449 454 455 456 460 465 472 473 475 476 484 489 496 508 521
       532 533 535 539 542 552 554 563 564 566 567 568 575 584 590
       606 609 610 613 645 646 647 648 650 651 652 653 666 678 695
       698 708 719 725 726 727 728 773 776 780 784 785 792 797 801
       802 823 824 825 826 828 829 831 832 833 846 859 897 898 906
       914 915 916 929 936 938 941 952 954 959 960 961 962 966 969
       971 977 978 979 982 983 984 985 986 992 995 1000 1017 1018 1019
       1026 1027 1030 1038 1045 1046 1047 1048 1049 1051 1053 1054
       1055 1056 1059 1060 1061 1062 1082 1083 1098 1099 1102 1105
       1108 1109 1110 1121 1122 1123 1124 1156 1175 1184 1201 1202
       1203 1231 1232 1233 1234 1235 1236 1237 1238 1239 1261 1262
       1263 1264 1265 1276 1288 1289 1298 1300 1305 1310 1311 1323
       1325 1326 1330 1331 1335 1336 1337 1338 1340 1341 1346 1349
       1364 1391 1403 1409 1410 1412 1413 1434 1440 1446 1449 1451
       1472 1474 1479 1480 1482 1484 1485 1492 1494 1495 1512 1521
       1525 1527 1529 1531 1532 1533 1534 1536 1547 1551 1552 1553
       1554 1555 1556 1557 1558 1559 1560 1564 1566 1568 1579 1580
       1612 1613 1618 1622 1623 1626 1628 1657 1666 1667 1669 1670
       1673 1692 1693 1694 1696 1698 1699 1704 1705 1715 1724 1740
       1744 1745 1749 1750 1751 1758 1759 1760 1761 1762 1768 1773
       1774 1790 1798 1826 1828 1829 1830 1831 1832 1835 1836 1837
       1841 1843 1844 1845 1846 1847 1854 1860 1863 1864 1865 1874
       1875 1876 1877 1880 1884 1885 1886 1894 1895 1896 1897 1898
       1905 1906 1916 1928 1936 1937 1938 1950 1966 1968 1975 1977
       1982 1984 1988 2002 2003 2007 2009 2010 2013 2015 2017 2019
       2028 2029 2030 2031 2032 2033 2035 2036 2037 2038 2039 2040
       2041 2042 2043 2044 2045 2046 2047 2048 2049 2050 2051 2052
       2053 2054 2056 2064 2065 2066 2075 2078 2079 2080 2084 2086
       2088 2090 2093 2094 2095 2096 2098 2099 2102 2103 2106 2107
       2110 2112 2115 2121 2122 2123 2126 2127 2128 2129 2130 2131
       2132 2133 2134 2135 2136 2137 2138 2139 2140 2141 2142 2143
       2144 2145 2146 2147 2148 2149 2150 2151 2152 2153 2154 2155
       2156 2157 2158 2159 2160 2161 2167 2168 2169 2170 2171 2172
       2173 2174 2175 2176 2177 2178 2179 2180 2181 2182 2183 2184
       2185 2186 2187 2188 2189 2190 2192 2204 2206 2207 2208 2209
       2210 2218 2221 2222 2223 2224 2229 2230 2243 2273 2289 2290
       2291 2292 2293 2294 2295 2296 2298 2301 2303 2335 2336 2341
       2346 2347 2361 2362 2364 2366 2368 2376 2379 2383 2384 2396
       2408 2410 2411 2413 2419 2424 2425 2426 2443 2452 2453 2460
       2462 2471 2472 2473 2476 2477 2480 2487 2488 2489 2490 2491
       2494 2501 2506 2515 2517 2519 2520 2521 2522 2530 2532 2533
       2534 2535 2536 2537 2539 2551 2556 2557 2559 2561 2562 2565
       2568 2596 2598 2619 2620 2625 2628 2629 2630 2631 2632 2633
       2636 2648 2650 2651 2652 2660 2661 2664 2665 2673 2684 2685
       2688 2712 2766 2775 2777 2784 2819 2826 2836 2837 2852 2864
       2867 2873 2880 2907 2908 2913 2914 2924 2928 2938 2941 2961
       2965 2966 2968 2973 2977 2997 3002 3013 3015 3017 3019 3023
       3025 3031 3094 3111 3136 3145 3184 3186 3192 3217 3218 3233
       3236 3268 3274 3283 3287 3288 3297 3301 3323 3324 3328 3343
       3355 3356 3357 3365 3376 3377 3389 3390 3404 3410 3411 3412
       3427 3432 3433 3439 3450 3458 3460 3466 3480 3481 3482 3502
       3504 3512 3559 3565 3576 3577 3578 3580 3585 3590 3591 3592
       3594 3614 3618 3624 3640 3646 3658 3670 3675 3676 3684 3685
       3686 3704 3710 3725 3727 3740 3746 3747 3768 3769 3770 3774
       3786 3788 3789 3811 3812 3813 3815 3816 3821 3823 3824 3825
       3841 3849 3852 3854 3861 3893 3902 3923 3926 3970 3972 3975
       4001 4027 4062 4085 4086 4088 4109 4119 4120 4122 4127 4139
       4149 4177 4181 4182 4185 4200 4203 4204 4205 4207 4210 4211
       4212 4232 4235 4238 4239 4240 4241 4242 4243 4244 4245 4250
       4267 4272 4280 4281 4284 $
1    250 305 507 510 523 617 890 892 1066 1222 1635 1703 1723 1996
       2025 2119 2315 2316 2332 2498 2582 2767 2822 2842 2845 2854
       2860 2889 2933 2943 2971 3049 3063 3075 3076 3118 3124 3125
       3127 3128 3133 3137 3138 3140 3141 3142 3143 3241 3304 3309
       3316 3317 3318 3319 3329 3344 3394 3408 4063 4066 4068 4084
       4089 4104 4157 4174 $
2    192 194 320 374 1032 1155 1273 1607 2213 2264 2312 2390 2637 2861
       3061 3070 3074 3110 3189 3229 3285 3286 3306 3322 3401 3402
       3422 3498 3499 4079 4080 4091 $
3    26 834 1747 1764 1888 2105 3296 3826 3900 4184 $
4    102 1050 2108 2118 2195 2483 2963 2979 3092 $
5    822 827 830 1104 1524 1526 1665 2117 2247 $
6    303 3201 3202 3203 3204 3205 $
7    1550 1677 1689 1770 1919 2305 $
8    480 2249 3109 3120 4102 $
9    664 867 1787 1788 1933 $
10   930 1344 1477 1976 4101 $
11   1214 1746 1999 2612 3948 $
12   92 262 1309 2700 $
13   336 2100 3931 3932 $
14   486 526 3829 3921 $
15   579 580 3767 3781 $
16   1307 1872 2607 3473 $
17   3381 3387 3396 3397 $
18   371 372 3984 $
19   463 2211 2626 $
20   488 3667 3844 $
21   540 2781 2786 $
22   845 2595 4015 $
23   866 2692 2693 $
24   887 1935 4296 $
25   918 2763 3660 $
26   993 2564 3263 $
27   1649 1650 3361 $
28   1929 2018 3687 $
29   3249 3250 4128 $
30   109 3693 $
31   329 3308 $
32   364 365 $
33   612 3736 $
34   669 2282 $
35   883 3541 $
36   965 2791 $
37   1510 1511 $
38   2034 2333 $
39   2116 2385 $
40   2358 2359 $
41   3228 3370 $
42   3593 3908 $
43   4218 4219 $
44   21 $
45   373 $
46   571 $
47   1417 $
48   1442 $
49   1530 $
50   1742 $
51   2004 $
52   2027 $
53   2111 $
54   2342 $
55   2345 $
56   2542 $
57   2706 $
58   2772 $
59   2843 $
60   3491 $
61   3691 $
62   3737 $
63   3776 $
64   3987 $
65   4093 $
66   4197 $
67   4273 $
68   0 7 8 10 24 30 45 46 48 49 50 68 70 96 171 172 210 267 269 270
       271 273 321 322 323 324 325 326 328 340 358 359 478 479 481
       512 522 543 608 618 619 620 624 625 626 627 630 634 661 667
       677 679 721 722 723 724 796 812 815 817 882 893 894 957 958
       964 967 1028 1029 1037 1079 1086 1087 1095 1149 1150 1151 1154
       1157 1160 1166 1212 1215 1223 1269 1281 1283 1304 1306 1328
       1376 1385 1390 1397 1398 1421 1430 1463 1470 1487 1489 1490
       1606 1608 1620 1621 1646 1671 1691 1701 1735 1767 1781 1782
       1856 1857 1859 1878 1925 1978 1980 2012 2020 2026 2069 2082
       2212 2232 2265 2310 2313 2363 2388 2389 2391 2392 2394 2431
       2450 2465 2496 2497 2502 2504 2508 2550 2580 2581 2634 2635
       2638 2639 2640 2641 2642 2646 2647 2649 2653 2654 2675 2677
       2678 2713 2723 2724 2726 2727 2730 2731 2732 2739 2740 2741
       2742 2745 2746 2747 2750 2754 2756 2795 2808 2809 2810 2811
       2812 2813 2818 2831 2832 2844 2858 2859 2868 2875 2886 2904
       2911 2935 2936 2937 2944 2950 2951 2952 2953 2954 2987 3011
       3046 3050 3051 3052 3053 3054 3055 3056 3057 3058 3069 3071
       3072 3073 3091 3093 3105 3112 3117 3130 3139 3144 3146 3157
       3162 3169 3179 3185 3187 3188 3190 3191 3220 3222 3230 3231
       3235 3243 3254 3262 3289 3291 3292 3293 3294 3300 3303 3305
       3311 3312 3313 3325 3327 3333 3335 3342 3354 3360 3363 3364
       3366 3367 3368 3369 3371 3375 3388 3400 3403 3414 3415 3416
       3417 3418 3419 3420 3421 3423 3434 3437 3456 3490 3492 3493
       3494 3516 3521 3524 3535 3536 3537 3538 3582 3589 3613 3626
       3759 3840 3935 3988 3991 3992 3994 4017 4018 4024 4030 4036
       4067 4069 4070 4077 4087 4113 4114 4151 4154 4155 4156 4168
       4170 4171 4173 4175 4179 4198 $
69   162 296 304 891 1107 2503 2516 2934 2976 3059 3065 3078 3126 3134
       3200 3208 3261 4118 $
70   173 243 545 1914 1979 2643 3096 3115 3177 3246 3295 3351 4124
       4169 $
71   2 227 813 1243 1363 1810 2577 3839 3865 3867 4021 $
72   623 631 632 633 635 636 1924 $
73   2940 3048 3165 3395 4116 4289 $
74   783 3085 3107 3153 3214 $
75   301 306 4126 $
76   2280 3835 3940 $
77   2429 2430 2432 $
78   36 4164 $
79   1249 3566 $
80   1528 2478 $
81   1801 3326 $
82   2751 2752 $
83   263 $
84   569 $
85   816 $
86   2228 $
87   2573 $
88   2932 $
89   3037 $
90   3523 $
91   32 52 57 76 159 164 175 236 237 238 239 240 259 280 341 462 471
       498 499 501 578 587 594 607 718 807 808 809 810 920 955 956
       1002 1003 1004 1005 1007 1011 1012 1013 1014 1090 1091 1097
       1152 1153 1177 1179 1205 1308 1324 1366 1381 1396 1404 1411
       1513 1582 1603 1609 1662 1664 1702 1754 1793 1822 1825 1861
       1887 1918 2061 2063 2067 2068 2226 2300 2311 2318 2319 2321
       2327 2415 2441 2448 2548 2578 2585 2588 2589 2590 2644 2670
       2671 2672 2701 2720 2721 2768 2770 2833 2839 2853 2855 2856
       2857 2862 2972 3004 3035 3151 3358 3362 3378 3409 3453 3467
       3484 3485 3500 3507 3526 3539 3549 3551 3552 3553 3554 3555
       3556 3588 3597 3598 3602 3604 3605 3616 3627 3628 3632 3633
       3636 3637 3651 3657 3659 3662 3672 3680 3681 3694 3695 3696
       3697 3700 3702 3719 3728 3730 3743 3744 3750 3751 3752 3753
       3755 3756 3757 3758 3772 3773 3778 3779 3795 3796 3797 3798
       3810 3817 3819 3827 3832 3834 3836 3845 3847 3856 3869 3871
       3872 3875 3876 3881 3884 3896 3901 3909 3913 3914 3915 3918
       3920 3930 3934 3946 3949 3953 3959 3963 3980 3990 3997 4006
       4012 4023 4186 4192 4195 4201 4202 4208 4213 4214 4215 4216
       4217 4228 4229 4252 4254 4258 4259 4261 4262 4265 4268 $
92   31 51 55 75 130 795 814 1006 1008 1010 1089 1092 1159 1248 1427
       1428 1429 1647 1755 1806 1807 1811 1827 1973 1974 2059 2060
       2062 2227 2278 2279 2320 2545 2546 2686 3606 3629 3661 3699
       3754 3807 3866 3912 3925 3965 3978 3993 4180 4266 $
93   346 503 597 1065 1358 1386 1456 1574 1583 1614 1763 2214 2445
       2461 2594 2779 2869 2870 2871 2872 2992 2993 2994 3021 3135
       3219 3384 3385 3451 $
94   700 793 794 1009 1088 1800 1802 1803 1804 1805 1808 1809 3603
       3698 3837 4230 4231 $
95   595 787 1989 2802 2865 3064 3359 3379 3380 3405 3413 3424 3488
       4060 4172 $
96   53 54 165 1926 2667 3639 $
97   191 1158 1208 2753 2874 3455 $
98   1015 1287 2668 3540 3793 3899 $
99   1776 2725 3663 3664 3665 3996 $
100  1174 3079 3082 3156 3372 $
101  215 1985 3828 3906 $
102  1816 2101 2755 2758 $
103  221 222 3855 $
104  406 2254 3348 $
105  1544 3764 3765 $
106  1799 2340 3036 $
107  3846 3938 4278 $
108  713 4176 $
109  896 3197 $
110  1327 4071 $
111  2547 3729 $
112  2698 2769 $
113  3234 4288 $
114  3567 3586 $
115  3792 3868 $
116  177 $
117  333 $
118  663 $
119  1675 $
120  2352 $
121  2451 $
122  3224 $
123  3257 $
124  3284 $
125  22 40 63 67 74 95 139 186 187 188 189 190 223 228 234 251 253
       256 299 380 381 482 524 551 560 576 586 614 665 707 848 849
       850 851 852 853 854 855 856 857 895 911 917 968 991 1035 1039
       1040 1043 1116 1176 1246 1257 1258 1285 1400 1401 1481 1541
       1716 1717 1718 1719 1720 1721 1722 1778 1823 1853 1908 1972
       2166 2215 2260 2276 2317 2337 2350 2369 2370 2418 2420 2481
       2509 2512 2572 2575 2601 2645 2666 2687 2743 2757 2761 2762
       2780 2783 2793 2796 2797 2829 2840 2863 2876 2888 2890 2891
       2892 2902 2926 2931 2939 2942 2962 2967 2969 2983 2989 2999
       3014 3018 3028 3029 3030 3077 3088 3089 3097 3098 3114 3119
       3163 3168 3196 3215 3216 3225 3247 3248 3266 3271 3280 3307
       3310 3321 3334 3392 3407 3474 3478 3503 3505 3508 3545 3581
       3595 3607 3609 3621 3622 3625 3649 3669 3679 3692 3706 3715
       3732 3734 3742 3748 3771 3870 3887 3889 3890 3894 3919 3922
       3924 3933 3962 4028 4037 4053 4054 4056 4073 4076 4081 4095
       4106 4107 4121 4135 4136 4141 4143 4167 4183 4220 4221 4222
       4224 4227 4237 4260 4270 4279 4285 $
126  450 1016 1518 1617 1879 2087 3080 4142 4162 $
127  2401 2402 2403 2404 2405 2406 $
128  16 17 20 1641 2200 $
129  87 1372 1537 3041 $
130  119 1182 3090 3223 $
131  260 261 3148 3166 $
132  3099 3100 3101 3391 $
133  330 1817 $
134  386 4105 $
135  1789 2879 $
136  1812 1813 $
137  1930 3067 $
138  1792 $
139  2605 $
140  2834 $
141  3150 $
142  3272 $
143  3784 $
144  121 122 123 124 125 126 127 128 129 132 147 150 153 154 158 167
       183 207 361 397 457 458 577 781 884 889 945 946 1068 1069 1070
       1071 1072 1073 1074 1075 1076 1078 1080 1189 1193 1194 1290
       1291 1292 1293 1295 1313 1314 1315 1316 1317 1318 1348 1360
       1361 1368 1441 1443 1444 1445 1447 1453 1570 1571 1639 1794
       1795 1838 1839 1840 1848 1849 1850 1855 1907 2073 2302 2304
       2331 2454 2455 2456 2457 2458 2459 2463 2466 2467 2468 2469
       2523 2524 2525 2526 2527 2528 2553 2744 2900 3181 3182 3260
       3337 3733 4016 4029 4072 $
145  179 428 430 431 434 435 436 437 438 439 440 444 445 474 768 996
       997 998 999 1168 3042 3207 3252 3281 3282 3339 $
146  407 1362 1939 1940 1941 1942 1943 1944 1945 1946 1947 1948 1949
       3775 3805 3879 $
147  674 675 676 1250 1365 1851 2442 $
148  1187 1190 1191 1192 1196 $
149  244 245 246 247 $
150  376 377 378 379 $
151  408 464 3006 $
152  2566 2916 3108 $
153  1183 2978 $
154  1195 2470 $
155  1756 2367 $
156  2433 2464 $
157  88 $
158  3104 $
159  3858 $
160  11 98 284 433 468 469 470 528 529 788 789 790 791 843 1036 1138
       1161 1162 1163 1164 1165 1591 1592 1593 1594 1595 1596 1597
       1602 1629 1630 1631 1632 1633 1634 1636 1637 1638 1658 1659
       1660 1661 1706 1771 1986 2297 2624 2946 3256 3383 3406 3470
       3654 3655 3973 3983 4100 4199 4256 $
161  272 530 531 2964 3147 3170 3171 3172 3173 3174 4096 4097 4098
       4099 $
162  3209 3210 3211 4111 4112 4115 $
163  1598 1599 1600 1601 $
164  671 672 673 $
165  3891 3895 $
166  1775 $
167  3320 $
168  335 412 429 570 642 1100 1251 1284 1476 1478 1640 1869 2000 2077
       2339 2555 2765 2776 3005 3007 3008 3022 3032 3039 3040 3045
       3062 3083 3245 3393 3426 3615 4094 $
169  302 348 349 350 451 1253 1497 1881 2444 2825 2945 2955 3038 3251
       3314 3315 $
170  585 1818 2085 2711 2980 2984 3000 $
171  1044 3095 3121 3167 $
172  2947 2948 3452 $
173  1245 2599 $
174  3149 4108 $
175  1819 $
176  3001 $
177  4146 $
178  47 307 308 309 310 311 312 730 731 732 733 734 735 736 737 738
       739 740 741 742 743 744 745 746 747 748 749 750 751 752 753
       754 755 756 757 758 759 760 761 762 763 764 765 766 767 769
       772 1516 1517 2421 2422 2514 2541 2579 2623 3010 3259 3735 3885
       3886 3989 4033 4117 $
179  1505 1506 1507 $
180  417 423 424 425 426 427 1370 1676 1678 1679 1680 1681 1682 1683
       1684 1685 1686 1687 1688 2109 3213 3611 $
181  23 842 944 1173 1371 1406 2284 2285 2286 2287 2395 2397 2398 2399
       2400 2507 $
182  885 886 888 $
183  1540 3087 3212 $
184  1862 3612 $
185  1868 3176 $
186  4233 4234 $
187  844 $
188  174 907 908 909 912 1539 2338 2423 2600 3544 3717 3843 $
189  99 565 1342 2231 3373 3472 3542 3546 $
190  405 520 1101 1648 2022 2165 3648 $
191  922 1575 1772 1866 1870 $
192  339 1741 2091 2905 $
193  2702 2899 4263 $
194  3642 3799 3842 $
195  5 1576 $
196  527 3349 $
197  1852 $
198  2738 $
199  2925 $
200  3873 $
201  319 599 600 601 602 603 604 605 686 687 691 692 693 694 696 697
       705 720 1652 1653 1655 1656 2823 2835 2912 3193 4075 4225 $
202  233 581 582 583 639 640 706 1522 2348 2493 2789 2975 3178 4074
       4148 $
203  820 1496 2259 2349 3986 $
204  3345 $
205  144 559 1094 1185 1186 1204 1206 1299 1515 1752 1753 1890 2205
       2299 2306 2377 2621 2622 2680 2733 2986 3016 3024 4032 $
206  136 137 395 443 963 1081 1297 1301 1302 1455 1891 1892 2308 2474
       2475 2531 $
207  1605 1674 2314 2764 2788 $
208  2681 2759 $
209  591 $
210  513 514 515 516 517 519 1219 1303 1824 1842 2008 2016 2021 2241
       2242 2393 2409 2449 2479 2592 2593 2608 2609 2662 2715 2716
       2717 2991 3206 3238 3239 3907 4042 4044 4045 4046 4047 4048
       4049 4050 4051 4052 4083 $
211  2104 $
212  2414 $
213  1020 1167 2382 2656 2657 2658 2659 3561 3562 3563 3569 3570 3571
       3572 3573 3574 3575 4187 $
214  60 410 1983 3086 3159 3568 3610 3634 3916 3917 $
215  835 838 2669 3336 3347 3560 3943 4188 4189 $
216  193 196 2785 3122 $
217  1433 3977 $
218  66 135 396 414 452 453 658 659 660 680 901 1033 1469 1542 2824
       2893 3227 4196 4269 4275 $
219  34 35 654 655 656 657 2574 3882 $
220  103 182 1562 1757 2083 2484 2485 2486 2567 3123 $
221  1690 1990 1991 1992 1993 1994 1995 $
222  274 1241 2365 2910 3877 $
223  3267 3273 $
224  840 $
225  2081 $
226  2283 $
227  2510 $
228  104 105 106 278 279 1125 1126 1127 1128 1129 1130 1169 1419 2959
       3724 3955 3956 3957 $
229  467 1041 1418 2794 3720 $
230  398 3874 3981 3982 $
231  297 $
232  9 461 774 1240 1697 2014 2543 2604 3066 3068 4065 4129 $
233  110 111 113 114 118 862 3550 $
234  112 115 116 117 $
235  3033 $
236  537 538 987 988 989 1112 1113 1114 1115 1118 1329 1883 2806 3683
       3726 $
237  847 1171 1172 $
238  2846 2847 2848 $
239  332 334 $
240  4110 $
241  556 557 558 1584 1585 1586 1587 1590 3666 3936 3937 $
242  502 1520 2272 3164 3240 3330 3331 3332 $
243  1577 1578 $
244  1588 3947 $
245  2113 $
246  252 342 1294 2219 2220 3154 3195 3465 3547 $
247  1797 2072 2828 2906 2922 3102 $
248  511 2554 3160 3161 3440 $
249  208 2416 3564 $
250  710 2070 2682 2801 2817 3929 4007 4013 4020 $
251  970 1085 2288 3255 3275 3276 3441 $
252  3194 3435 4140 $
253  1064 2492 $
254  593 $
255  4158 $
256  518 1339 2023 2024 2334 2412 3103 3221 3298 3299 3353 3386 4138 $
257  316 318 $
258  1523 3620 $
259  2841 3113 $
260  2718 $
261  64 140 141 142 143 145 146 216 217 611 4134 $
262  509 1216 1220 2001 2728 3608 3761 $
263  383 384 388 389 390 391 637 1345 1643 3468 3476 3479 4103 $
264  2804 2805 $
265  1225 3442 3443 3444 3445 3446 3447 3448 3449 $
266  161 616 1402 4041 4043 $
267  94 277 925 1569 2233 2234 2235 2236 2237 2238 2239 3269 $
268  477 $
269  1726 1727 1728 1729 1730 1731 1732 1733 1734 1736 $
270  1737 1738 3785 $
271  2267 2268 2269 2270 2271 2957 4031 $
272  370 392 1934 $
273  598 1961 $
274  466 864 1457 1458 1459 1913 2774 4190 $
275  1319 1320 1321 $
276  1394 2988 3009 3183 $
277  596 3258 $
278  3026 3027 $
279  1871 $
280  4061 $
281  4290 $
282  670 1139 1140 1141 1142 1143 1144 1145 1146 1147 1148 $
283  1120 1296 2655 2689 2695 2696 2697 2735 3496 4000 4009 $
284  38 1198 1645 2611 3701 3853 4292 $
285  1271 2225 3782 $
286  89 294 778 1867 2092 2540 3599 3600 3601 4191 $
287  275 276 351 352 1962 1963 1964 1969 1970 2597 $
288  362 786 3803 3804 3809 4295 $
289  921 2329 $
290  974 3848 $
291  366 836 839 1561 2584 3532 3533 3534 $
292  572 $
293  3791 $
294  932 933 934 935 937 939 940 942 943 4282 $
295  1282 1373 1374 1375 1377 1378 1379 1380 1382 $
296  2511 $
297  1350 1351 1352 1353 1354 1355 1356 1357 1610 1611 $
298  152 156 2074 2552 2683 $
299  56 643 1535 3398 $
300  257 2603 3425 3851 $
301  441 3638 $
302  2709 2710 $
303  1549 $
304  285 286 287 288 1766 $
305  289 290 291 $
306  4123 $
307  490 491 492 493 1439 2569 $
308  293 2974 $
309  4251 $
310  447 1024 1025 2371 2372 2373 2374 2375 $
311  2729 $
312  615 1106 1227 1228 1229 1230 1624 1769 2381 $
313  1953 1954 1955 1956 1957 1958 1959 $
314  1424 $
315  1997 $
316  2322 2323 2324 2325 2326 2328 3910 4276 4277 $
317  72 3515 3522 3527 3528 $
318  3529 3530 3531 $
319  483 1695 1739 2518 3587 3647 $
320  212 495 $
321  869 870 871 872 873 1022 $
322  1021 1023 $
323  874 875 876 877 878 879 880 1644 $
324  1217 2748 3557 3558 $
325  1178 3630 3631 $
326  3129 $
327  1743 2736 2737 2960 3003 4064 $
328  2815 $
329  2949 $
330  25 385 649 1334 4131 $
331  3043 3244 $
332  3859 3903 3904 3905 $
333  83 $
334  176 $
335  3584 $
336  100 101 1199 1270 1275 $
337  1833 $
338  1967 $
339  120 589 1543 $
340  1987 3708 3721 $
341  1589 $
342  151 2089 2344 2482 3880 4248 4249 $
343  641 2262 2820 2821 2881 $
344  2884 2885 $
345  712 714 715 716 $
346  709 711 717 $
347  806 1461 1834 2380 3428 3429 3583 $
348  1093 1514 2248 2250 2251 2354 $
349  3806 $
350  1131 1132 1133 1134 1135 1136 1137 $
351  1435 1436 1437 1438 1927 3374 3438 $
352  2434 2435 2436 2437 2438 2439 2440 $
353  3707 3722 3723 3760 3763 3766 4253 $
354  90 91 931 1572 1791 3718 $
355  180 729 1170 1462 3579 3668 $
356  1369 3034 3047 3060 $
357  331 $
358  819 $
359  546 547 548 549 550 2387 $
360  681 682 683 684 685 2055 $
361  858 860 861 865 $
362  1508 2878 $
363  899 900 902 903 904 2571 $
364  972 975 976 1425 3802 3863 $
365  1392 1393 1395 4226 $
366  1343 $
367  1460 $
368  1387 1388 1389 1960 4130 $
369  1765 $
370  1498 1499 1500 1501 1502 1619 $
371  2355 2919 2920 2956 $
372  2918 $
373  2985 $
374  78 79 80 81 82 $
375  248 953 2427 3714 $
376  249 $
377  327 1642 2704 2707 $
378  1748 $
379  399 400 401 402 403 $
380  536 1057 2097 2162 $
381  2164 $
382  1042 1503 1504 3682 $
383  561 $
384  811 818 1931 3838 $
385  573 $
386  3673 3674 4287 $
387  1058 2196 $
388  1209 1210 1213 2591 3939 $
389  1464 1465 1466 1467 1468 $
390  1710 1711 1712 1713 1714 $
391  1821 1920 1921 1922 1923 $
392  1900 1901 1902 1903 1904 $
393  1909 1910 1911 1912 1915 $
394  3738 3739 3801 $
395  2792 4274 $
396  3543 3643 3644 3709 3862 $
397  3 409 2417 3745 $
398  39 775 1780 3671 $
399  166 168 169 170 $
400  224 225 226 $
401  413 $
402  229 230 231 232 $
403  3277 3278 3279 $
404  300 $
405  347 1096 1573 2771 $
406  354 868 2246 3180 $
407  415 416 2866 2877 $
408  494 2887 2917 $
409  3242 $
410  592 1252 $
411  1254 3794 $
412  699 2244 2255 2386 $
413  701 702 703 704 $
414  770 3477 $
415  1486 2699 $
416  948 949 950 951 $
417  1663 3971 3979 $
418  3958 $
419  1783 1784 $
420  1785 1786 $
421  2816 2850 2851 $
422  2071 $
423  2216 2217 $
424  2930 $
425  3253 $
426  2240 2500 3199 $
427  3198 $
428  3517 3518 3519 3520 $
429  41 42 43 $
430  2586 2587 $
431  58 $
432  264 265 3892 $
433  266 4193 4194 $
434  315 317 1399 $
435  837 841 $
436  357 $
437  419 421 422 $
438  485 779 2495 $
439  2558 2560 $
440  497 $
441  504 505 506 $
442  2266 3346 $
443  553 $
444  622 628 629 $
445  688 689 690 $
446  798 799 800 $
447  803 804 805 $
448  2694 2898 $
449  821 $
450  905 3960 3961 $
451  919 926 $
452  923 $
453  924 927 928 $
454  981 1777 2505 $
455  994 1359 1538 $
456  1077 2256 2257 $
457  1084 3513 4264 $
458  1188 1197 1244 $
459  1277 1279 1280 $
460  1312 4039 4040 $
461  1407 1408 $
462  1899 $
463  1422 1423 $
464  3459 $
465  1448 1450 1452 $
466  2981 2982 $
467  1509 $
468  1545 1546 3703 $
469  1971 2606 2803 $
470  2114 3399 3489 $
471  2163 2201 $
472  2927 $
473  2194 2197 2199 $
474  2252 2428 3044 $
475  2263 3131 3132 $
476  2351 3645 3951 $
477  2563 4034 4035 $
478  2613 2615 $
479  2614 $
480  2627 3688 3689 $
481  2749 3995 $
482  4002 $
483  2849 4144 4145 $
484  2882 2883 2901 $
485  3084 4078 $
486  2970 $
487  2998 3152 4038 $
488  3302 3350 $
489  4092 $
490  3783 3830 $
491  3711 $
492  3944 3945 3950 $
493  3952 3968 3969 $
494  4003 4004 4005 $
495  4010 4011 4133 $
496  4055 4058 4059 $
497  77 1519 $
498  93 2275 $
499  185 3155 $
500  268 2703 $
501  281 282 $
502  367 3623 $
503  393 394 $
504  534 541 $
505  771 3290 $
506  1063 1471 $
507  1180 1181 $
508  1221 3270 $
509  1255 1256 $
510  1268 3690 $
511  1383 1384 $
512  1415 1416 $
513  1431 1432 $
514  1475 1700 $
515  1488 2830 $
516  1615 1616 $
517  1625 1627 $
518  1651 1654 $
519  1815 1820 $
520  1873 3106 $
521  1951 1952 $
522  1965 3808 $
523  2006 2261 $
524  2057 2058 $
525  2120 2705 $
526  2202 2203 $
527  2446 2807 $
528  2610 2663 $
529  2616 2617 $
530  2773 4160 $
531  2798 2799 $
532  2894 2895 $
533  3020 3232 $
534  3116 3471 $
535  3226 4125 $
536  3264 3265 $
537  3506 3509 $
538  3652 3653 $
539  3705 3713 $
540  3897 3898 $
541  3941 3942 $
542  3966 3967 $
543  4025 4026 $
544  4152 4153 $
545  1 $
546  4 $
547  6 $
548  33 $
549  37 $
550  59 $
551  61 $
552  86 $
553  107 $
554  131 $
555  157 $
556  163 $
557  178 $
558  209 $
559  218 $
560  220 $
561  242 $
562  255 $
563  283 $
564  292 $
565  313 $
566  314 $
567  344 $
568  353 $
569  363 $
570  368 $
571  387 $
572  404 $
573  420 $
574  459 $
575  487 $
576  500 $
577  525 $
578  544 $
579  555 $
580  562 $
581  574 $
582  588 $
583  621 $
584  638 $
585  644 $
586  662 $
587  668 $
588  777 $
589  782 $
590  863 $
591  881 $
592  910 $
593  913 $
594  947 $
595  973 $
596  980 $
597  990 $
598  1001 $
599  1031 $
600  1034 $
601  1052 $
602  1067 $
603  1103 $
604  1111 $
605  1117 $
606  1119 $
607  1200 $
608  1207 $
609  1211 $
610  1218 $
611  1224 $
612  1226 $
613  1242 $
614  1247 $
615  1259 $
616  1260 $
617  1266 $
618  1267 $
619  1272 $
620  1274 $
621  1278 $
622  1286 $
623  1322 $
624  1332 $
625  1333 $
626  1347 $
627  1367 $
628  1405 $
629  1414 $
630  1420 $
631  1426 $
632  1454 $
633  1473 $
634  1483 $
635  1491 $
636  1493 $
637  1548 $
638  1563 $
639  1565 $
640  1567 $
641  1581 $
642  1604 $
643  1668 $
644  1672 $
645  1707 $
646  1708 $
647  1709 $
648  1725 $
649  1779 $
650  1796 $
651  1814 $
652  1858 $
653  1882 $
654  1889 $
655  1893 $
656  1917 $
657  1932 $
658  1981 $
659  1998 $
660  2005 $
661  2011 $
662  2076 $
663  2124 $
664  2125 $
665  2191 $
666  2193 $
667  2198 $
668  2245 $
669  2253 $
670  2258 $
671  2274 $
672  2277 $
673  2281 $
674  2307 $
675  2309 $
676  2330 $
677  2343 $
678  2353 $
679  2356 $
680  2357 $
681  2360 $
682  2378 $
683  2407 $
684  2447 $
685  2499 $
686  2513 $
687  2529 $
688  2538 $
689  2544 $
690  2549 $
691  2570 $
692  2576 $
693  2583 $
694  2602 $
695  2618 $
696  2674 $
697  2676 $
698  2679 $
699  2690 $
700  2691 $
701  2708 $
702  2714 $
703  2719 $
704  2722 $
705  2734 $
706  2760 $
707  2778 $
708  2782 $
709  2787 $
710  2790 $
711  2800 $
712  2814 $
713  2827 $
714  2838 $
715  2896 $
716  2897 $
717  2903 $
718  2909 $
719  2915 $
720  2921 $
721  2923 $
722  2929 $
723  2958 $
724  2990 $
725  2995 $
726  2996 $
727  3012 $
728  3081 $
729  3158 $
730  3175 $
731  3237 $
732  3338 $
733  3340 $
734  3341 $
735  3352 $
736  3382 $
737  3430 $
738  3431 $
739  3436 $
740  3454 $
741  3457 $
742  3461 $
743  3462 $
744  3463 $
745  3464 $
746  3469 $
747  3475 $
748  3483 $
749  3486 $
750  3487 $
751  3495 $
752  3497 $
753  3501 $
754  3510 $
755  3511 $
756  3514 $
757  3525 $
758  3548 $
759  3596 $
760  3617 $
761  3619 $
762  3635 $
763  3641 $
764  3650 $
765  3656 $
766  3677 $
767  3678 $
768  3712 $
769  3716 $
770  3731 $
771  3741 $
772  3749 $
773  3762 $
774  3777 $
775  3780 $
776  3787 $
777  3790 $
778  3800 $
779  3814 $
780  3818 $
781  3820 $
782  3822 $
783  3831 $
784  3833 $
785  3850 $
786  3857 $
787  3860 $
788  3864 $
789  3878 $
790  3883 $
791  3888 $
792  3911 $
793  3927 $
794  3928 $
795  3954 $
796  3964 $
797  3974 $
798  3976 $
799  3985 $
800  3998 $
801  3999 $
802  4008 $
803  4014 $
804  4019 $
805  4022 $
806  4057 $
807  4082 $
808  4090 $
809  4132 $
810  4137 $
811  4147 $
812  4150 $
813  4159 $
814  4161 $
815  4163 $
816  4165 $
817  4166 $
818  4178 $
819  4206 $
820  4209 $
821  4223 $
822  4236 $
823  4246 $
824  4247 $
825  4255 $
826  4257 $
827  4271 $
828  4283 $
829  4286 $
830  4291 $
831  4293 $
832  4294 $
)
