(mclheader
mcltype matrix
dimensions 4297x1520
)
(mclmatrix
begin
0    12 13 14 15 28 29 44 65 133 138 148 149 155 198 205 213 214 295
       343 345 355 382 448 454 455 456 475 484 489 496 521 535 542
       552 554 563 564 566 567 575 584 590 613 647 648 650 653 698
       719 725 726 727 780 784 801 823 846 898 906 914 929 936 938
       941 952 961 962 969 985 1017 1018 1019 1038 1053 1059 1060 1061
       1082 1083 1102 1123 1184 1201 1202 1203 1234 1236 1238 1239
       1264 1288 1289 1298 1300 1305 1325 1331 1335 1336 1337 1338
       1340 1349 1364 1391 1434 1446 1449 1479 1480 1485 1495 1521
       1531 1547 1551 1552 1553 1568 1580 1613 1622 1670 1692 1693
       1694 1749 1750 1751 1758 1759 1798 1826 1828 1831 1832 1836
       1837 1854 1875 1876 1877 1880 1884 1885 1894 1916 1937 1968
       1975 1977 1984 1988 2002 2003 2013 2015 2017 2019 2028 2031
       2033 2035 2036 2037 2038 2040 2041 2042 2043 2044 2045 2046
       2047 2048 2049 2066 2079 2080 2086 2088 2090 2093 2094 2096
       2102 2107 2112 2115 2122 2126 2127 2128 2129 2130 2131 2132
       2133 2134 2135 2136 2137 2138 2139 2140 2141 2142 2143 2144
       2145 2146 2147 2148 2149 2150 2151 2152 2153 2154 2155 2156
       2157 2158 2159 2161 2167 2170 2171 2172 2173 2174 2175 2176
       2177 2178 2179 2180 2181 2182 2183 2184 2185 2186 2187 2188
       2189 2190 2204 2208 2210 2218 2291 2292 2293 2294 2296 2301
       2303 2335 2336 2341 2347 2361 2362 2376 2383 2384 2396 2411
       2424 2426 2452 2453 2471 2472 2476 2477 2488 2490 2491 2519
       2521 2530 2532 2533 2534 2537 2539 2551 2557 2596 2620 2628
       2629 2630 2631 2632 2661 2664 2684 2685 2688 2712 2766 2777
       2784 2836 2837 2852 2864 2867 2914 2966 2977 3287 3356 3357
       3410 3411 3412 3439 3458 3466 3480 3481 3482 3559 3578 3580
       3585 3590 3591 3592 3594 3618 3624 3640 3646 3658 3670 3704
       3725 3740 3769 3788 3789 3811 3841 3852 3861 3893 3926 3970
       3975 4062 4122 4149 4177 4181 4182 4185 4200 4203 4204 4205
       4211 4232 4235 4238 4239 4240 4241 4242 4243 4244 4267 $
1    27 85 356 460 465 532 533 539 610 666 792 828 833 915 916 966
       977 995 1027 1049 1051 1175 1233 1451 1512 1554 1560 1657 1724
       1829 1860 2039 2064 2078 2123 2206 2295 2346 2425 2517 2522
       2535 2536 2559 2561 2562 2565 3013 3192 3268 3274 3288 3565
       3747 3774 3815 3823 3825 3849 4210 4212 4272 4280 $
2    360 432 449 606 609 982 983 1054 1108 1110 1276 1409 1474 1484
       1494 1532 1533 1566 1612 1760 1830 1982 2007 2009 2029 2050
       2051 2052 2053 2054 2207 2366 2520 2650 2652 3460 3504 3512
       3770 3816 3902 4250 $
3    18 19 197 199 200 201 202 203 204 235 258 508 568 897 960 979
       1055 1121 1232 1323 1534 1761 2095 2121 2160 2169 2289 2298
       2419 2480 2489 2660 3217 3297 3432 3786 3923 $
4    62 84 184 645 651 859 954 1026 1046 1235 1261 1265 1310 1311 1412
       1492 1667 1762 1790 1905 2075 2364 2598 2924 3015 3236 3343 $
5    134 442 1326 1472 1536 1843 1845 1865 1928 1938 2221 2243 2443
       2460 2506 2619 2665 3233 3355 4109 $
6    97 241 298 1000 1666 1835 1844 1846 1895 2222 2223 2224 2880 2928 $
7    1403 1564 1618 1906 2030 2032 2625 3684 3685 3686 3821 3824 4127 $
8    369 646 708 992 1047 1056 1768 1774 3614 $
9    71 73 2633 3328 3404 4139 $
10   825 826 1525 1556 1557 2010 $
11   1124 1698 1744 2368 2775 $
12   1696 1715 3389 3390 3502 $
13   2648 3002 3111 3145 4088 $
14   160 195 3365 3433 $
15   446 2568 3017 3023 $
16   695 2273 2819 2913 $
17   797 2209 3710 3768 $
18   802 1699 1773 4207 $
19   971 1705 1863 4120 $
20   984 2099 2961 2968 $
21   1099 1864 2229 3972 $
22   1966 2494 3025 3031 $
23   108 254 2379 $
24   375 3323 3324 $
25   472 473 2230 $
26   678 1105 1231 $
27   1045 2413 3136 $
28   1263 3450 4245 $
29   1410 3283 3676 $
30   1896 1897 1898 $
31   2110 2515 3675 $
32   3094 3218 3427 $
33   69 3301 $
34   181 2106 $
35   211 1237 $
36   338 2965 $
37   418 2462 $
38   652 3854 $
39   785 1330 $
40   824 832 $
41   978 3727 $
42   1030 3377 $
43   1062 1098 $
44   1109 1841 $
45   1262 2941 $
46   1341 2938 $
47   1482 4281 $
48   1555 1559 $
49   1704 2290 $
50   1740 4086 $
51   1886 4119 $
52   2056 3812 $
53   2065 2408 $
54   2098 2908 $
55   2103 3746 $
56   2192 3813 $
57   2487 2907 $
58   2826 2973 $
59   3576 3577 $
60   206 $
61   219 $
62   337 $
63   411 $
64   476 $
65   728 $
66   773 $
67   776 $
68   829 $
69   831 $
70   959 $
71   986 $
72   1048 $
73   1122 $
74   1156 $
75   1346 $
76   1413 $
77   1440 $
78   1527 $
79   1529 $
80   1558 $
81   1579 $
82   1623 $
83   1626 $
84   1628 $
85   1669 $
86   1673 $
87   1745 $
88   1847 $
89   1874 $
90   1936 $
91   1950 $
92   2084 $
93   2168 $
94   2410 $
95   2473 $
96   2501 $
97   2556 $
98   2636 $
99   2651 $
100  2673 $
101  2873 $
102  2997 $
103  3019 $
104  3184 $
105  3186 $
106  3376 $
107  4001 $
108  4027 $
109  4085 $
110  4284 $
111  507 617 892 1066 1996 2025 2332 2582 2822 2889 2933 2943 2971
       3049 3075 3124 3125 3137 3141 3142 3143 3344 3394 4063 4068
       4084 4174 $
112  250 1635 3063 3304 3317 3318 3329 4157 $
113  523 1723 3127 3408 4066 $
114  2842 3133 3138 3140 4089 $
115  2316 2854 2860 $
116  510 2119 $
117  890 3128 $
118  3309 3316 $
119  3319 4104 $
120  305 $
121  1222 $
122  1703 $
123  2315 $
124  2498 $
125  2767 $
126  2845 $
127  3076 $
128  3118 $
129  3241 $
130  1032 1273 2213 3110 3286 4080 $
131  2264 2861 3285 3422 4091 $
132  192 3322 3401 3499 $
133  194 3229 3306 $
134  374 3061 $
135  3070 3074 $
136  320 $
137  1155 $
138  1607 $
139  2312 $
140  2390 $
141  2637 $
142  3189 $
143  3402 $
144  3498 $
145  4079 $
146  26 1764 $
147  3900 4184 $
148  834 $
149  1747 $
150  1888 $
151  2105 $
152  3296 $
153  3826 $
154  102 2483 2979 3092 $
155  1050 2118 $
156  2108 $
157  2195 $
158  2963 $
159  827 1104 1524 1526 1665 $
160  822 830 2247 $
161  2117 $
162  303 3201 3202 3203 3204 3205 $
163  1550 1677 1689 2305 $
164  1770 $
165  1919 $
166  480 4102 $
167  2249 3120 $
168  3109 $
169  664 867 1788 $
170  1787 $
171  1933 $
172  930 1477 $
173  1344 $
174  1976 $
175  4101 $
176  1214 3948 $
177  1999 2612 $
178  1746 $
179  262 2700 $
180  92 $
181  1309 $
182  2100 3931 3932 $
183  336 $
184  486 3829 $
185  526 3921 $
186  579 580 $
187  3767 3781 $
188  1307 2607 3473 $
189  1872 $
190  3381 3387 3396 3397 $
191  371 372 3984 $
192  463 2626 $
193  2211 $
194  488 3667 3844 $
195  540 2781 $
196  2786 $
197  845 2595 4015 $
198  2692 2693 $
199  866 $
200  887 4296 $
201  1935 $
202  918 2763 3660 $
203  993 3263 $
204  2564 $
205  1649 1650 3361 $
206  1929 3687 $
207  2018 $
208  3250 4128 $
209  3249 $
210  109 $
211  3693 $
212  329 $
213  3308 $
214  364 365 $
215  612 3736 $
216  669 $
217  2282 $
218  883 3541 $
219  965 2791 $
220  1510 1511 $
221  2034 2333 $
222  2116 2385 $
223  2358 2359 $
224  3228 $
225  3370 $
226  3593 3908 $
227  4218 4219 $
228  21 $
229  373 $
230  571 $
231  1417 $
232  1442 $
233  1530 $
234  1742 $
235  2004 $
236  2027 $
237  2111 $
238  2342 $
239  2345 $
240  2542 $
241  2706 $
242  2772 $
243  2843 $
244  3491 $
245  3691 $
246  3737 $
247  3776 $
248  3987 $
249  4093 $
250  4197 $
251  4273 $
252  0 24 46 270 608 626 667 677 724 815 957 1028 1029 1304 1430 1671
       1781 1856 2363 2635 2641 2646 2647 2732 2811 2858 2859 2875
       2886 2950 3011 3052 3053 3054 3105 3312 3371 3416 3417 3535
       4017 4155 4156 4168 4173 $
253  619 661 894 1095 1283 1376 2012 2020 2497 2504 2954 3050 3072
       3130 3169 3303 3360 3434 $
254  1489 1701 2550 2649 2653 2654 2844 3112 3185 3230 3231 3305 3368
       4067 $
255  2212 3056 3235 3291 3292 3293 3294 3388 3400 3403 3493 3494 $
256  172 625 627 967 1149 1857 2642 3058 3364 3366 4151 $
257  1421 2310 2581 2936 3162 3222 3243 3262 3311 3313 3369 $
258  68 328 2389 2904 3117 3179 3190 3375 3423 $
259  96 512 2265 2987 3144 3188 3220 4087 $
260  30 620 624 1150 1151 3492 4170 $
261  45 1470 2638 3342 3437 4154 4171 $
262  618 1390 2935 2937 3046 3093 3420 $
263  7 8 210 481 1925 3191 $
264  48 2713 2745 3988 3992 3994 $
265  273 721 722 1086 2675 2678 $
266  543 1328 1980 2394 2818 3139 $
267  634 893 1223 2496 2952 3363 $
268  321 322 323 324 326 $
269  340 359 3354 3524 3582 $
270  2391 2742 2754 2756 2868 $
271  267 1212 4024 4179 $
272  630 1281 2727 2808 $
273  964 2082 2639 2911 $
274  1157 1166 3589 4198 $
275  1385 3521 3537 3613 $
276  1490 2502 3055 3187 $
277  2580 3071 3073 3146 $
278  171 1767 2026 $
279  358 2640 4175 $
280  723 1087 1269 $
281  812 3840 3935 $
282  1215 2634 3057 $
283  1620 1621 2812 $
284  2388 2431 2810 $
285  2450 3415 3421 $
286  2508 3157 4070 $
287  2741 3333 3335 $
288  2944 2953 3091 $
289  3456 3516 3626 $
290  4030 4036 4069 $
291  49 50 $
292  70 958 $
293  269 271 $
294  325 2813 $
295  478 479 $
296  882 1160 $
297  1306 3289 $
298  1397 1398 $
299  2069 2465 $
300  2723 3991 $
301  2739 2740 $
302  2746 2747 $
303  2795 2951 $
304  2831 2832 $
305  3300 3325 $
306  3367 3490 $
307  4113 4114 $
308  10 $
309  522 $
310  679 $
311  796 $
312  817 $
313  1037 $
314  1079 $
315  1154 $
316  1463 $
317  1487 $
318  1606 $
319  1608 $
320  1646 $
321  1691 $
322  1735 $
323  1782 $
324  1859 $
325  1878 $
326  1978 $
327  2232 $
328  2313 $
329  2392 $
330  2677 $
331  2724 $
332  2726 $
333  2730 $
334  2731 $
335  2750 $
336  2809 $
337  3051 $
338  3069 $
339  3254 $
340  3327 $
341  3414 $
342  3418 $
343  3419 $
344  3536 $
345  3538 $
346  3759 $
347  4018 $
348  4077 $
349  162 1107 2503 3065 3078 3126 3134 $
350  3059 3200 3261 4118 $
351  304 2976 $
352  296 $
353  891 $
354  2516 $
355  2934 $
356  3208 $
357  173 243 545 2643 3115 3177 3246 3351 4124 4169 $
358  1914 3096 $
359  1979 3295 $
360  2 227 1363 1810 3865 3867 $
361  813 4021 $
362  1243 2577 $
363  3839 $
364  632 633 635 636 $
365  623 631 $
366  1924 $
367  2940 3165 $
368  3048 $
369  3395 $
370  4116 $
371  4289 $
372  783 3085 3214 $
373  3107 $
374  3153 $
375  301 306 4126 $
376  2280 $
377  3835 $
378  3940 $
379  2429 2430 2432 $
380  36 4164 $
381  1249 3566 $
382  1528 2478 $
383  1801 $
384  3326 $
385  2751 2752 $
386  263 $
387  569 $
388  816 $
389  2228 $
390  2573 $
391  2932 $
392  3037 $
393  3523 $
394  159 175 236 280 341 498 718 808 1014 1205 1662 1664 1754 1822
       2067 2068 2226 2319 2321 2441 2589 2590 2855 3500 3551 3553
       3555 3556 3597 3604 3605 3616 3627 3636 3651 3672 3681 3696
       3697 3702 3719 3750 3751 3752 3758 3772 3778 3779 3795 3797
       3798 3817 3869 3871 3872 3875 3876 3896 3909 3930 3959 3997
       4192 4195 4201 4202 4208 4214 4252 4254 4268 $
395  238 240 810 1004 1005 1404 1513 1887 2311 2318 3549 3632 3633
       3730 3755 3756 3773 3810 3819 3827 3845 3847 4258 $
396  164 239 471 501 955 1011 1012 1013 1308 1918 2578 2671 2672 3035
       3680 3694 3728 3796 3832 3834 3881 4229 $
397  2415 2721 2768 2833 3484 3507 3539 3552 3554 $
398  2644 2853 3659 3743 3744 4012 4261 4265 $
399  57 499 1090 1366 3628 3753 3757 $
400  1091 1153 2548 3362 3467 3588 3602 $
401  76 587 594 2856 3409 3990 $
402  1396 2720 3914 3915 3980 4006 $
403  52 1007 2061 3953 $
404  1002 1003 3657 $
405  1702 1861 4228 $
406  32 607 $
407  1177 1179 $
408  1324 2972 $
409  1381 3836 $
410  1603 1609 $
411  2585 2588 $
412  2701 3358 $
413  2839 3485 $
414  2857 4213 $
415  2862 3378 $
416  3004 3913 $
417  3526 4186 $
418  3901 3946 $
419  3918 3963 $
420  4216 4217 $
421  237 $
422  259 $
423  462 $
424  578 $
425  807 $
426  809 $
427  920 $
428  956 $
429  1097 $
430  1152 $
431  1411 $
432  1582 $
433  1793 $
434  1825 $
435  2063 $
436  2300 $
437  2327 $
438  2448 $
439  2670 $
440  2770 $
441  3151 $
442  3453 $
443  3598 $
444  3637 $
445  3662 $
446  3695 $
447  3700 $
448  3856 $
449  3884 $
450  3920 $
451  3934 $
452  3949 $
453  4023 $
454  4215 $
455  4259 $
456  4262 $
457  1248 1428 1811 2059 2060 2227 2278 3606 3661 3807 3978 $
458  55 130 1008 1010 1973 1974 2062 $
459  51 75 814 1159 1827 2686 $
460  1006 1089 1806 3866 3925 4266 $
461  31 3629 3912 3965 $
462  1807 2279 3993 $
463  1429 4180 $
464  1647 1755 $
465  2320 3754 $
466  2545 2546 $
467  795 $
468  1092 $
469  1427 $
470  3699 $
471  1065 1574 1583 2214 2461 2779 2992 2993 2994 3135 3384 $
472  597 1358 1614 2869 2870 2871 2872 3451 $
473  503 3385 $
474  1456 1763 $
475  2445 3219 $
476  346 $
477  1386 $
478  2594 $
479  3021 $
480  700 1803 1804 1805 1808 1809 $
481  793 794 $
482  1088 3698 $
483  1800 1802 $
484  1009 $
485  3603 $
486  3837 $
487  4230 $
488  4231 $
489  1989 3359 3413 3488 $
490  787 3064 4060 $
491  595 3424 $
492  3379 3380 $
493  2802 $
494  2865 $
495  3405 $
496  4172 $
497  53 165 2667 $
498  54 3639 $
499  1926 $
500  191 1158 $
501  1208 $
502  2753 $
503  2874 $
504  3455 $
505  1015 2668 3793 3899 $
506  1287 $
507  3540 $
508  1776 2725 3663 3664 3665 $
509  3996 $
510  1174 3156 $
511  3082 3372 $
512  3079 $
513  215 1985 3828 3906 $
514  1816 2755 2758 $
515  2101 $
516  221 222 3855 $
517  2254 3348 $
518  406 $
519  1544 3764 3765 $
520  1799 2340 3036 $
521  3846 $
522  3938 $
523  4278 $
524  713 4176 $
525  896 $
526  3197 $
527  1327 $
528  4071 $
529  2547 3729 $
530  2698 $
531  2769 $
532  3234 $
533  4288 $
534  3567 3586 $
535  3792 3868 $
536  177 $
537  333 $
538  663 $
539  1675 $
540  2352 $
541  2451 $
542  3224 $
543  3257 $
544  3284 $
545  22 40 67 95 186 187 188 189 228 253 256 299 380 381 482 560 665
       848 849 850 911 968 991 1035 1043 1116 1246 1257 1258 1400 1401
       1481 1541 1716 1717 1719 1720 1721 1722 1823 1853 1908 2260
       2350 2369 2370 2418 2420 2481 2509 2512 2601 2645 2757 2780
       2783 2796 2797 2829 2876 2890 2891 2892 2902 2931 2939 2942
       2962 2983 2989 2999 3028 3029 3030 3088 3089 3097 3098 3114
       3119 3163 3168 3196 3215 3216 3225 3247 3271 3307 3310 3321
       3334 3392 3407 3474 3503 3545 3595 3609 3625 3649 3679 3706
       3734 3748 3870 3894 3919 4028 4037 4056 4073 4076 4081 4095
       4106 4121 4135 4136 4141 4143 4167 4224 4237 4260 $
546  223 234 251 524 551 576 586 707 1176 1285 1718 1778 1972 2166
       2666 2761 2762 2840 2863 2888 2926 3505 3508 3581 3621 3622
       3669 3692 3715 3732 3742 3771 3887 3889 3890 3922 3924 3933
       3962 4183 4220 4221 4222 4227 4270 4279 $
547  851 852 853 854 855 856 857 1039 1040 2337 2793 $
548  139 3014 4053 4054 $
549  895 2572 2575 $
550  74 2967 $
551  614 4285 $
552  917 3607 $
553  2215 3266 $
554  2276 3280 $
555  2317 2687 $
556  63 $
557  190 $
558  2743 $
559  2969 $
560  3018 $
561  3077 $
562  3248 $
563  3478 $
564  4107 $
565  450 1016 1518 1617 1879 2087 3080 $
566  4142 4162 $
567  2401 2402 2403 2404 2405 2406 $
568  16 17 20 $
569  1641 2200 $
570  87 1372 $
571  1537 $
572  3041 $
573  119 1182 $
574  3090 $
575  3223 $
576  260 261 $
577  3148 3166 $
578  3099 3100 3101 $
579  3391 $
580  330 1817 $
581  386 4105 $
582  1789 2879 $
583  1812 1813 $
584  1930 $
585  3067 $
586  1792 $
587  2605 $
588  2834 $
589  3150 $
590  3272 $
591  3784 $
592  121 122 123 124 126 127 128 129 147 153 158 167 361 457 781 889
       945 946 1068 1069 1070 1071 1072 1073 1074 1075 1076 1078 1080
       1189 1193 1194 1290 1291 1292 1293 1295 1313 1314 1315 1316
       1317 1318 1360 1361 1368 1441 1443 1444 1445 1453 1570 1571
       1639 1794 1795 1838 1839 1840 1907 2073 2302 2304 2331 2454
       2455 2456 2457 2458 2459 2463 2466 2467 2468 2469 2523 2524
       2525 2526 2527 2528 2744 2900 3182 3337 3733 4072 $
593  125 132 1447 1855 2553 $
594  397 1849 1850 $
595  150 207 $
596  577 884 $
597  4016 4029 $
598  154 $
599  183 $
600  458 $
601  1348 $
602  1848 $
603  3181 $
604  3260 $
605  179 428 430 431 434 435 436 437 438 439 440 444 445 768 996 997
       998 1168 3042 3207 3281 3282 $
606  474 $
607  999 $
608  3252 $
609  3339 $
610  407 1939 1940 1941 1942 1943 1944 1945 1946 1947 1949 3775 3805
       3879 $
611  1362 $
612  1948 $
613  674 675 676 $
614  1250 1365 2442 $
615  1851 $
616  1187 1190 1191 1192 1196 $
617  244 245 246 247 $
618  376 377 378 379 $
619  464 3006 $
620  408 $
621  2566 2916 $
622  3108 $
623  1183 2978 $
624  1195 2470 $
625  1756 2367 $
626  2433 $
627  2464 $
628  88 $
629  3104 $
630  3858 $
631  98 468 470 788 789 790 791 1161 1162 1163 1164 1165 1636 1771
       3654 3973 3983 4199 4256 $
632  284 433 1591 1592 1593 1594 1595 1596 1597 1637 $
633  469 528 529 843 1706 2946 3256 3383 4100 $
634  1629 1630 1631 1632 1633 1634 1638 3655 $
635  1658 1659 1660 1661 $
636  1986 2297 2624 $
637  3406 3470 $
638  11 $
639  1036 $
640  1138 $
641  1602 $
642  272 3171 3172 3173 3174 4096 $
643  531 4097 4098 4099 $
644  2964 3147 $
645  530 $
646  3170 $
647  3209 3210 3211 4115 $
648  4111 4112 $
649  1598 1599 1600 1601 $
650  671 672 673 $
651  3891 3895 $
652  1775 $
653  3320 $
654  335 642 1251 1284 2555 3005 3039 3040 3062 $
655  1100 2765 2776 3007 3045 $
656  1640 2339 3083 3393 3426 $
657  2000 3245 3615 $
658  1476 1478 $
659  1869 3032 $
660  412 $
661  429 $
662  570 $
663  2077 $
664  3008 $
665  3022 $
666  4094 $
667  348 349 350 451 1253 1497 1881 2825 2955 3038 $
668  302 2945 $
669  3314 3315 $
670  2444 $
671  3251 $
672  585 2085 2980 2984 $
673  1818 3000 $
674  2711 $
675  1044 3121 $
676  3095 $
677  3167 $
678  2947 2948 3452 $
679  1245 2599 $
680  3149 $
681  4108 $
682  1819 $
683  3001 $
684  4146 $
685  47 307 308 309 310 311 312 730 731 732 733 734 735 736 737 738
       739 740 741 742 743 744 745 746 747 748 749 750 751 752 753
       754 755 756 757 758 759 760 761 762 763 764 765 766 767 769
       772 1516 1517 2421 2422 2514 2541 2579 2623 3010 3259 3735 3885
       3886 3989 4033 4117 $
686  1505 1506 1507 $
687  1370 1676 1678 1679 1680 1681 1682 1683 1684 1685 1686 1687 1688
       3213 3611 $
688  423 424 425 426 427 $
689  417 $
690  2109 $
691  23 944 1371 1406 2284 2285 2286 2287 2395 2397 2398 2399 2400 $
692  842 $
693  1173 $
694  2507 $
695  885 886 888 $
696  1540 3087 3212 $
697  1862 3612 $
698  1868 3176 $
699  4233 4234 $
700  844 $
701  907 908 909 912 2423 $
702  1539 3717 $
703  2338 3843 $
704  174 $
705  2600 $
706  3544 $
707  99 565 3373 3546 $
708  1342 3472 3542 $
709  2231 $
710  1648 2022 3648 $
711  405 520 $
712  1101 2165 $
713  1575 1772 1866 1870 $
714  922 $
715  339 2091 2905 $
716  1741 $
717  2702 2899 4263 $
718  3642 3799 3842 $
719  5 1576 $
720  527 3349 $
721  1852 $
722  2738 $
723  2925 $
724  3873 $
725  319 599 600 601 602 603 604 605 686 687 691 692 693 697 705 720
       1652 1653 1655 1656 2823 2835 2912 3193 4075 4225 $
726  694 $
727  696 $
728  581 582 583 1522 2493 2975 4074 4148 $
729  233 639 640 706 2348 2789 3178 $
730  820 1496 2259 2349 3986 $
731  3345 $
732  1204 1752 1890 2299 2621 2622 2733 4032 $
733  144 1094 1206 1753 2205 3024 $
734  559 1299 2986 $
735  1185 1186 2377 $
736  1515 2680 $
737  2306 $
738  3016 $
739  136 137 1297 1302 2308 $
740  443 1301 1455 2474 2531 $
741  963 1081 1892 2475 $
742  395 $
743  1891 $
744  1674 2314 2788 $
745  1605 $
746  2764 $
747  2681 2759 $
748  591 $
749  513 514 515 516 517 519 1303 2008 2016 2021 2409 2479 2592 2593
       2609 2715 2716 2717 3206 3238 3239 $
750  1219 1842 2608 2662 3907 4042 4044 4045 4046 4047 4050 4052 $
751  1824 2393 2449 2991 4048 4049 4051 $
752  2241 2242 $
753  4083 $
754  2104 $
755  2414 $
756  1020 1167 2382 2656 2657 2658 2659 3561 3562 3563 3569 3570 3571
       3572 3573 3574 3575 4187 $
757  60 410 3086 3159 $
758  1983 3916 3917 $
759  3568 3610 3634 $
760  835 2669 3560 3943 4189 $
761  838 3336 3347 4188 $
762  193 196 2785 3122 $
763  1433 3977 $
764  66 135 396 414 680 1033 $
765  452 453 $
766  658 4275 $
767  659 660 $
768  2824 4196 $
769  901 $
770  1469 $
771  1542 $
772  2893 $
773  3227 $
774  4269 $
775  34 35 2574 3882 $
776  654 655 $
777  656 657 $
778  2484 2485 3123 $
779  103 1562 $
780  182 1757 $
781  2083 $
782  2486 $
783  2567 $
784  1690 1990 1991 1992 1993 1994 1995 $
785  1241 2365 2910 3877 $
786  274 $
787  3267 3273 $
788  840 $
789  2081 $
790  2283 $
791  2510 $
792  104 105 106 1125 1126 1127 1128 1129 1130 2959 3957 $
793  1169 3955 3956 $
794  278 279 $
795  1419 3724 $
796  467 1041 1418 2794 3720 $
797  3981 3982 $
798  398 $
799  3874 $
800  297 $
801  774 1697 3066 4065 $
802  9 461 1240 $
803  2014 2604 $
804  2543 $
805  3068 $
806  4129 $
807  113 114 118 862 3550 $
808  110 111 $
809  112 115 116 117 $
810  3033 $
811  987 988 989 1118 2806 $
812  1112 1113 1883 3726 $
813  1114 1115 3683 $
814  537 538 $
815  1329 $
816  847 1171 1172 $
817  2846 2847 2848 $
818  332 334 $
819  4110 $
820  1584 1586 1587 1590 3666 $
821  556 557 558 $
822  3936 3937 $
823  1585 $
824  2272 3240 3330 3331 3332 $
825  502 1520 $
826  3164 $
827  1577 1578 $
828  1588 3947 $
829  2113 $
830  252 342 1294 2219 3154 3547 $
831  2220 3465 $
832  3195 $
833  2828 3102 $
834  1797 $
835  2072 $
836  2906 $
837  2922 $
838  2554 3160 $
839  511 $
840  3161 $
841  3440 $
842  208 2416 3564 $
843  710 2070 2801 2817 3929 4013 $
844  4007 4020 $
845  2682 $
846  970 1085 3441 $
847  2288 3275 3276 $
848  3255 $
849  3194 3435 4140 $
850  1064 2492 $
851  593 $
852  4158 $
853  518 2023 2024 2412 3103 $
854  1339 2334 3353 3386 $
855  3298 3299 4138 $
856  3221 $
857  316 318 $
858  1523 3620 $
859  2841 $
860  3113 $
861  2718 $
862  64 140 141 142 143 145 146 216 217 611 4134 $
863  509 1216 2001 2728 $
864  3608 3761 $
865  1220 $
866  384 388 389 390 391 1345 3479 4103 $
867  383 1643 $
868  637 $
869  3468 $
870  3476 $
871  2804 2805 $
872  3443 3444 3445 3446 3447 $
873  1225 3442 3448 3449 $
874  161 616 1402 4041 4043 $
875  94 277 925 1569 2233 2234 2235 2236 2237 2238 2239 3269 $
876  477 $
877  1726 1727 1728 1729 1730 1731 1732 $
878  1733 1734 $
879  1736 $
880  1737 1738 3785 $
881  2267 2268 2269 2270 2271 2957 4031 $
882  370 $
883  392 $
884  1934 $
885  598 1961 $
886  466 864 1457 1458 1459 4190 $
887  1913 2774 $
888  1319 1320 1321 $
889  2988 3009 3183 $
890  1394 $
891  596 $
892  3258 $
893  3026 3027 $
894  1871 $
895  4061 $
896  4290 $
897  670 1139 1140 1141 1142 1143 1144 1145 1146 1147 1148 $
898  1120 1296 4000 4009 $
899  2655 3496 $
900  2696 2697 $
901  2689 $
902  2695 $
903  2735 $
904  38 1198 1645 3701 4292 $
905  2611 3853 $
906  1271 2225 3782 $
907  1867 3599 3600 3601 $
908  89 294 4191 $
909  2092 2540 $
910  778 $
911  275 276 1962 1963 1969 1970 2597 $
912  351 352 $
913  1964 $
914  786 3803 3804 $
915  362 $
916  3809 $
917  4295 $
918  921 2329 $
919  974 3848 $
920  366 1561 2584 $
921  3532 3533 3534 $
922  836 839 $
923  572 $
924  3791 $
925  932 933 934 935 937 939 940 942 943 4282 $
926  1282 1373 1374 1375 1377 1378 1379 1380 1382 $
927  2511 $
928  1350 1351 1352 1353 1354 1355 1356 1357 $
929  1610 1611 $
930  152 156 2552 $
931  2074 $
932  2683 $
933  56 643 1535 3398 $
934  257 3425 $
935  2603 3851 $
936  441 3638 $
937  2709 2710 $
938  1549 $
939  285 286 287 288 $
940  1766 $
941  289 290 291 $
942  4123 $
943  490 491 492 493 $
944  1439 $
945  2569 $
946  293 2974 $
947  4251 $
948  447 1024 1025 2371 2372 2373 2374 2375 $
949  2729 $
950  615 1106 1227 1228 1229 1230 1624 $
951  1769 2381 $
952  1953 1954 1955 1956 1957 1958 1959 $
953  1424 $
954  1997 $
955  2322 2323 2324 2325 2326 2328 $
956  3910 4276 4277 $
957  72 3515 3522 3527 3528 $
958  3529 3530 3531 $
959  483 1695 1739 2518 3587 3647 $
960  212 495 $
961  869 870 871 872 873 1022 $
962  1021 1023 $
963  874 875 876 877 878 879 880 1644 $
964  1217 2748 3557 3558 $
965  1178 3630 3631 $
966  3129 $
967  1743 2737 2960 $
968  3003 4064 $
969  2736 $
970  2815 $
971  2949 $
972  25 385 649 1334 4131 $
973  3043 3244 $
974  3859 3903 3904 3905 $
975  83 $
976  176 $
977  3584 $
978  100 101 1199 1270 1275 $
979  1833 $
980  1967 $
981  120 589 1543 $
982  1987 3708 3721 $
983  1589 $
984  151 4248 $
985  2089 4249 $
986  2482 3880 $
987  2344 $
988  641 2262 $
989  2821 2881 $
990  2820 $
991  2884 2885 $
992  712 714 715 716 $
993  709 711 717 $
994  1461 2380 3583 $
995  1834 3428 3429 $
996  806 $
997  2248 2250 2251 $
998  1514 2354 $
999  1093 $
1000 3806 $
1001 1135 1136 1137 $
1002 1133 1134 $
1003 1131 $
1004 1132 $
1005 1435 1437 3374 $
1006 1436 1438 $
1007 1927 $
1008 3438 $
1009 2434 2435 2436 2437 $
1010 2438 2439 2440 $
1011 3707 3722 3723 3760 3763 3766 $
1012 4253 $
1013 90 91 931 1572 1791 3718 $
1014 180 729 1170 1462 3668 $
1015 3579 $
1016 1369 3034 3047 3060 $
1017 331 $
1018 819 $
1019 546 547 548 549 550 2387 $
1020 681 682 683 684 685 $
1021 2055 $
1022 858 865 $
1023 860 861 $
1024 1508 $
1025 2878 $
1026 900 902 903 904 $
1027 899 2571 $
1028 976 1425 3802 3863 $
1029 972 975 $
1030 1392 1393 1395 4226 $
1031 1343 $
1032 1460 $
1033 1387 1388 1389 4130 $
1034 1960 $
1035 1765 $
1036 1498 1499 1500 1501 1502 1619 $
1037 2355 2956 $
1038 2919 2920 $
1039 2918 $
1040 2985 $
1041 80 81 82 $
1042 78 79 $
1043 248 953 3714 $
1044 2427 $
1045 249 $
1046 327 1642 2704 2707 $
1047 1748 $
1048 399 400 401 402 403 $
1049 536 1057 2097 $
1050 2162 $
1051 2164 $
1052 1503 1504 3682 $
1053 1042 $
1054 561 $
1055 818 1931 $
1056 811 $
1057 3838 $
1058 573 $
1059 3673 3674 4287 $
1060 1058 2196 $
1061 1209 1210 $
1062 1213 2591 $
1063 3939 $
1064 1465 1466 1467 1468 $
1065 1464 $
1066 1710 1711 1712 1713 1714 $
1067 1821 1920 1921 1922 1923 $
1068 1900 1901 1902 1903 1904 $
1069 1909 1910 1911 1912 1915 $
1070 3738 3739 3801 $
1071 2792 4274 $
1072 3543 3709 3862 $
1073 3643 3644 $
1074 3 409 2417 3745 $
1075 39 775 1780 3671 $
1076 166 169 $
1077 168 170 $
1078 224 225 226 $
1079 413 $
1080 229 230 231 232 $
1081 3277 3278 3279 $
1082 300 $
1083 347 1096 1573 $
1084 2771 $
1085 354 868 2246 3180 $
1086 415 416 2866 2877 $
1087 494 2887 $
1088 2917 $
1089 3242 $
1090 592 1252 $
1091 1254 3794 $
1092 699 2244 2255 2386 $
1093 701 702 703 704 $
1094 770 3477 $
1095 1486 2699 $
1096 948 949 950 951 $
1097 1663 3971 3979 $
1098 3958 $
1099 1783 1784 $
1100 1785 $
1101 1786 $
1102 2816 2850 2851 $
1103 2071 $
1104 2216 2217 $
1105 2930 $
1106 3253 $
1107 2240 2500 3199 $
1108 3198 $
1109 3517 3518 3519 3520 $
1110 41 42 43 $
1111 2586 2587 $
1112 58 $
1113 264 265 3892 $
1114 4193 4194 $
1115 266 $
1116 315 317 1399 $
1117 837 841 $
1118 357 $
1119 419 421 422 $
1120 485 779 $
1121 2495 $
1122 2558 2560 $
1123 497 $
1124 504 505 506 $
1125 2266 3346 $
1126 553 $
1127 622 629 $
1128 628 $
1129 688 689 690 $
1130 798 799 800 $
1131 803 804 805 $
1132 2694 2898 $
1133 821 $
1134 3960 3961 $
1135 905 $
1136 919 926 $
1137 923 $
1138 924 927 928 $
1139 981 1777 2505 $
1140 994 1359 1538 $
1141 1077 2256 2257 $
1142 1084 3513 4264 $
1143 1188 1197 1244 $
1144 1277 1279 1280 $
1145 1312 4039 4040 $
1146 1407 1408 $
1147 1899 $
1148 1422 1423 $
1149 3459 $
1150 1448 1450 1452 $
1151 2981 2982 $
1152 1509 $
1153 1545 1546 3703 $
1154 1971 2606 2803 $
1155 2114 3399 3489 $
1156 2163 2201 $
1157 2927 $
1158 2194 2197 2199 $
1159 2252 2428 3044 $
1160 3131 3132 $
1161 2263 $
1162 2351 3645 3951 $
1163 4034 4035 $
1164 2563 $
1165 2613 2615 $
1166 2614 $
1167 2627 3688 3689 $
1168 2749 3995 $
1169 4002 $
1170 2849 4144 4145 $
1171 2882 2883 2901 $
1172 3084 4078 $
1173 2970 $
1174 2998 3152 4038 $
1175 3302 3350 $
1176 4092 $
1177 3783 3830 $
1178 3711 $
1179 3944 3945 3950 $
1180 3952 3968 3969 $
1181 4003 4004 4005 $
1182 4010 4011 4133 $
1183 4055 4058 4059 $
1184 77 1519 $
1185 93 2275 $
1186 185 3155 $
1187 268 2703 $
1188 281 282 $
1189 367 3623 $
1190 393 394 $
1191 534 541 $
1192 771 3290 $
1193 1063 1471 $
1194 1180 1181 $
1195 1221 3270 $
1196 1255 1256 $
1197 1268 3690 $
1198 1383 1384 $
1199 1415 1416 $
1200 1431 1432 $
1201 1475 1700 $
1202 1488 2830 $
1203 1615 1616 $
1204 1625 1627 $
1205 1651 1654 $
1206 1815 1820 $
1207 1873 3106 $
1208 1951 1952 $
1209 1965 3808 $
1210 2006 2261 $
1211 2057 2058 $
1212 2120 2705 $
1213 2202 2203 $
1214 2446 2807 $
1215 2610 2663 $
1216 2616 2617 $
1217 2773 4160 $
1218 2798 2799 $
1219 2894 2895 $
1220 3020 3232 $
1221 3116 3471 $
1222 3226 4125 $
1223 3264 3265 $
1224 3506 3509 $
1225 3652 3653 $
1226 3705 3713 $
1227 3897 3898 $
1228 3941 3942 $
1229 3966 3967 $
1230 4025 4026 $
1231 4152 4153 $
1232 1 $
1233 4 $
1234 6 $
1235 33 $
1236 37 $
1237 59 $
1238 61 $
1239 86 $
1240 107 $
1241 131 $
1242 157 $
1243 163 $
1244 178 $
1245 209 $
1246 218 $
1247 220 $
1248 242 $
1249 255 $
1250 283 $
1251 292 $
1252 313 $
1253 314 $
1254 344 $
1255 353 $
1256 363 $
1257 368 $
1258 387 $
1259 404 $
1260 420 $
1261 459 $
1262 487 $
1263 500 $
1264 525 $
1265 544 $
1266 555 $
1267 562 $
1268 574 $
1269 588 $
1270 621 $
1271 638 $
1272 644 $
1273 662 $
1274 668 $
1275 777 $
1276 782 $
1277 863 $
1278 881 $
1279 910 $
1280 913 $
1281 947 $
1282 973 $
1283 980 $
1284 990 $
1285 1001 $
1286 1031 $
1287 1034 $
1288 1052 $
1289 1067 $
1290 1103 $
1291 1111 $
1292 1117 $
1293 1119 $
1294 1200 $
1295 1207 $
1296 1211 $
1297 1218 $
1298 1224 $
1299 1226 $
1300 1242 $
1301 1247 $
1302 1259 $
1303 1260 $
1304 1266 $
1305 1267 $
1306 1272 $
1307 1274 $
1308 1278 $
1309 1286 $
1310 1322 $
1311 1332 $
1312 1333 $
1313 1347 $
1314 1367 $
1315 1405 $
1316 1414 $
1317 1420 $
1318 1426 $
1319 1454 $
1320 1473 $
1321 1483 $
1322 1491 $
1323 1493 $
1324 1548 $
1325 1563 $
1326 1565 $
1327 1567 $
1328 1581 $
1329 1604 $
1330 1668 $
1331 1672 $
1332 1707 $
1333 1708 $
1334 1709 $
1335 1725 $
1336 1779 $
1337 1796 $
1338 1814 $
1339 1858 $
1340 1882 $
1341 1889 $
1342 1893 $
1343 1917 $
1344 1932 $
1345 1981 $
1346 1998 $
1347 2005 $
1348 2011 $
1349 2076 $
1350 2124 $
1351 2125 $
1352 2191 $
1353 2193 $
1354 2198 $
1355 2245 $
1356 2253 $
1357 2258 $
1358 2274 $
1359 2277 $
1360 2281 $
1361 2307 $
1362 2309 $
1363 2330 $
1364 2343 $
1365 2353 $
1366 2356 $
1367 2357 $
1368 2360 $
1369 2378 $
1370 2407 $
1371 2447 $
1372 2499 $
1373 2513 $
1374 2529 $
1375 2538 $
1376 2544 $
1377 2549 $
1378 2570 $
1379 2576 $
1380 2583 $
1381 2602 $
1382 2618 $
1383 2674 $
1384 2676 $
1385 2679 $
1386 2690 $
1387 2691 $
1388 2708 $
1389 2714 $
1390 2719 $
1391 2722 $
1392 2734 $
1393 2760 $
1394 2778 $
1395 2782 $
1396 2787 $
1397 2790 $
1398 2800 $
1399 2814 $
1400 2827 $
1401 2838 $
1402 2896 $
1403 2897 $
1404 2903 $
1405 2909 $
1406 2915 $
1407 2921 $
1408 2923 $
1409 2929 $
1410 2958 $
1411 2990 $
1412 2995 $
1413 2996 $
1414 3012 $
1415 3081 $
1416 3158 $
1417 3175 $
1418 3237 $
1419 3338 $
1420 3340 $
1421 3341 $
1422 3352 $
1423 3382 $
1424 3430 $
1425 3431 $
1426 3436 $
1427 3454 $
1428 3457 $
1429 3461 $
1430 3462 $
1431 3463 $
1432 3464 $
1433 3469 $
1434 3475 $
1435 3483 $
1436 3486 $
1437 3487 $
1438 3495 $
1439 3497 $
1440 3501 $
1441 3510 $
1442 3511 $
1443 3514 $
1444 3525 $
1445 3548 $
1446 3596 $
1447 3617 $
1448 3619 $
1449 3635 $
1450 3641 $
1451 3650 $
1452 3656 $
1453 3677 $
1454 3678 $
1455 3712 $
1456 3716 $
1457 3731 $
1458 3741 $
1459 3749 $
1460 3762 $
1461 3777 $
1462 3780 $
1463 3787 $
1464 3790 $
1465 3800 $
1466 3814 $
1467 3818 $
1468 3820 $
1469 3822 $
1470 3831 $
1471 3833 $
1472 3850 $
1473 3857 $
1474 3860 $
1475 3864 $
1476 3878 $
1477 3883 $
1478 3888 $
1479 3911 $
1480 3927 $
1481 3928 $
1482 3954 $
1483 3964 $
1484 3974 $
1485 3976 $
1486 3985 $
1487 3998 $
1488 3999 $
1489 4008 $
1490 4014 $
1491 4019 $
1492 4022 $
1493 4057 $
1494 4082 $
1495 4090 $
1496 4132 $
1497 4137 $
1498 4147 $
1499 4150 $
1500 4159 $
1501 4161 $
1502 4163 $
1503 4165 $
1504 4166 $
1505 4178 $
1506 4206 $
1507 4209 $
1508 4223 $
1509 4236 $
1510 4246 $
1511 4247 $
1512 4255 $
1513 4257 $
1514 4271 $
1515 4283 $
1516 4286 $
1517 4291 $
1518 4293 $
1519 4294 $
)
