(mclheader
mcltype matrix
dimensions 4297x506
)
(mclmatrix
begin
0    12 13 14 15 18 19 21 26 27 28 29 44 62 65 69 71 73 84 85 92 97
       102 108 109 133 134 138 148 149 155 160 181 184 192 194 195
       197 198 199 200 201 202 203 204 205 206 211 213 214 219 235
       241 250 254 258 262 295 298 303 305 320 329 336 337 338 343
       345 355 356 360 364 365 369 371 372 373 374 375 382 411 418
       432 442 446 448 449 454 455 456 460 463 465 472 473 475 476
       480 484 486 488 489 496 507 508 510 521 523 526 532 533 535
       539 540 542 552 554 563 564 566 567 568 571 575 579 580 584
       590 606 609 610 612 613 617 645 646 647 648 650 651 652 653
       664 666 669 678 695 698 708 719 725 726 727 728 773 776 780
       784 785 792 797 801 802 822 823 824 825 826 827 828 829 830
       831 832 833 834 845 846 859 866 867 883 887 890 892 897 898
       906 914 915 916 918 929 930 936 938 941 952 954 959 960 961
       962 965 966 969 971 977 978 979 982 983 984 985 986 992 993
       995 1000 1017 1018 1019 1026 1027 1030 1032 1038 1045 1046 1047
       1048 1049 1050 1051 1053 1054 1055 1056 1059 1060 1061 1062
       1066 1082 1083 1098 1099 1102 1104 1105 1108 1109 1110 1121
       1122 1123 1124 1155 1156 1175 1184 1201 1202 1203 1214 1222
       1231 1232 1233 1234 1235 1236 1237 1238 1239 1261 1262 1263
       1264 1265 1273 1276 1288 1289 1298 1300 1305 1307 1309 1310
       1311 1323 1325 1326 1330 1331 1335 1336 1337 1338 1340 1341
       1344 1346 1349 1364 1391 1403 1409 1410 1412 1413 1417 1434
       1440 1442 1446 1449 1451 1472 1474 1477 1479 1480 1482 1484
       1485 1492 1494 1495 1510 1511 1512 1521 1524 1525 1526 1527
       1529 1530 1531 1532 1533 1534 1536 1547 1550 1551 1552 1553
       1554 1555 1556 1557 1558 1559 1560 1564 1566 1568 1579 1580
       1607 1612 1613 1618 1622 1623 1626 1628 1635 1649 1650 1657
       1665 1666 1667 1669 1670 1673 1677 1689 1692 1693 1694 1696
       1698 1699 1703 1704 1705 1715 1723 1724 1740 1742 1744 1745
       1746 1747 1749 1750 1751 1758 1759 1760 1761 1762 1764 1768
       1770 1773 1774 1787 1788 1790 1798 1826 1828 1829 1830 1831
       1832 1835 1836 1837 1841 1843 1844 1845 1846 1847 1854 1860
       1863 1864 1865 1872 1874 1875 1876 1877 1880 1884 1885 1886
       1888 1894 1895 1896 1897 1898 1905 1906 1916 1919 1928 1929
       1933 1935 1936 1937 1938 1950 1966 1968 1975 1976 1977 1982
       1984 1988 1996 1999 2002 2003 2004 2007 2009 2010 2013 2015
       2017 2018 2019 2025 2027 2028 2029 2030 2031 2032 2033 2034
       2035 2036 2037 2038 2039 2040 2041 2042 2043 2044 2045 2046
       2047 2048 2049 2050 2051 2052 2053 2054 2056 2064 2065 2066
       2075 2078 2079 2080 2084 2086 2088 2090 2093 2094 2095 2096
       2098 2099 2100 2102 2103 2105 2106 2107 2108 2110 2111 2112
       2115 2116 2117 2118 2119 2121 2122 2123 2126 2127 2128 2129
       2130 2131 2132 2133 2134 2135 2136 2137 2138 2139 2140 2141
       2142 2143 2144 2145 2146 2147 2148 2149 2150 2151 2152 2153
       2154 2155 2156 2157 2158 2159 2160 2161 2167 2168 2169 2170
       2171 2172 2173 2174 2175 2176 2177 2178 2179 2180 2181 2182
       2183 2184 2185 2186 2187 2188 2189 2190 2192 2195 2204 2206
       2207 2208 2209 2210 2211 2213 2218 2221 2222 2223 2224 2229
       2230 2243 2247 2249 2264 2273 2282 2289 2290 2291 2292 2293
       2294 2295 2296 2298 2301 2303 2305 2312 2315 2316 2332 2333
       2335 2336 2341 2342 2345 2346 2347 2358 2359 2361 2362 2364
       2366 2368 2376 2379 2383 2384 2385 2390 2396 2408 2410 2411
       2413 2419 2424 2425 2426 2443 2452 2453 2460 2462 2471 2472
       2473 2476 2477 2480 2483 2487 2488 2489 2490 2491 2494 2498
       2501 2506 2515 2517 2519 2520 2521 2522 2530 2532 2533 2534
       2535 2536 2537 2539 2542 2551 2556 2557 2559 2561 2562 2564
       2565 2568 2582 2595 2596 2598 2607 2612 2619 2620 2625 2626
       2628 2629 2630 2631 2632 2633 2636 2637 2648 2650 2651 2652
       2660 2661 2664 2665 2673 2684 2685 2688 2692 2693 2700 2706
       2712 2763 2766 2767 2772 2775 2777 2781 2784 2786 2791 2819
       2822 2826 2836 2837 2842 2843 2845 2852 2854 2860 2861 2864
       2867 2873 2880 2889 2907 2908 2913 2914 2924 2928 2933 2938
       2941 2943 2961 2963 2965 2966 2968 2971 2973 2977 2979 2997
       3002 3013 3015 3017 3019 3023 3025 3031 3049 3061 3063 3070
       3074 3075 3076 3092 3094 3109 3110 3111 3118 3120 3124 3125
       3127 3128 3133 3136 3137 3138 3140 3141 3142 3143 3145 3184
       3186 3189 3192 3201 3202 3203 3204 3205 3217 3218 3228 3229
       3233 3236 3241 3249 3250 3263 3268 3274 3283 3285 3286 3287
       3288 3296 3297 3301 3304 3306 3308 3309 3316 3317 3318 3319
       3322 3323 3324 3328 3329 3343 3344 3355 3356 3357 3361 3365
       3370 3376 3377 3381 3387 3389 3390 3394 3396 3397 3401 3402
       3404 3408 3410 3411 3412 3422 3427 3432 3433 3439 3450 3458
       3460 3466 3473 3480 3481 3482 3491 3498 3499 3502 3504 3512
       3541 3559 3565 3576 3577 3578 3580 3585 3590 3591 3592 3593
       3594 3614 3618 3624 3640 3646 3658 3660 3667 3670 3675 3676
       3684 3685 3686 3687 3691 3693 3704 3710 3725 3727 3736 3737
       3740 3746 3747 3767 3768 3769 3770 3774 3776 3781 3786 3788
       3789 3811 3812 3813 3815 3816 3821 3823 3824 3825 3826 3829
       3841 3844 3849 3852 3854 3861 3893 3900 3902 3908 3921 3923
       3926 3931 3932 3948 3970 3972 3975 3984 3987 4001 4015 4027
       4062 4063 4066 4068 4079 4080 4084 4085 4086 4088 4089 4091
       4093 4101 4102 4104 4109 4119 4120 4122 4127 4128 4139 4149
       4157 4174 4177 4181 4182 4184 4185 4197 4200 4203 4204 4205
       4207 4210 4211 4212 4218 4219 4232 4235 4238 4239 4240 4241
       4242 4243 4244 4245 4250 4267 4272 4273 4280 4281 4284 4296 $
1    0 2 7 8 10 24 30 36 45 46 48 49 50 68 70 96 162 171 172 173 210
       227 243 263 267 269 270 271 273 296 301 304 306 321 322 323
       324 325 326 328 340 358 359 478 479 481 512 522 543 545 569
       608 618 619 620 623 624 625 626 627 630 631 632 633 634 635
       636 661 667 677 679 721 722 723 724 783 796 812 813 815 816
       817 882 891 893 894 957 958 964 967 1028 1029 1037 1079 1086
       1087 1095 1107 1149 1150 1151 1154 1157 1160 1166 1212 1215
       1223 1243 1249 1269 1281 1283 1304 1306 1328 1363 1376 1385
       1390 1397 1398 1421 1430 1463 1470 1487 1489 1490 1528 1606
       1608 1620 1621 1646 1671 1691 1701 1735 1767 1781 1782 1801
       1810 1856 1857 1859 1878 1914 1924 1925 1978 1979 1980 2012
       2020 2026 2069 2082 2212 2228 2232 2265 2280 2310 2313 2363
       2388 2389 2391 2392 2394 2429 2430 2431 2432 2450 2465 2478
       2496 2497 2502 2503 2504 2508 2516 2550 2573 2577 2580 2581
       2634 2635 2638 2639 2640 2641 2642 2643 2646 2647 2649 2653
       2654 2675 2677 2678 2713 2723 2724 2726 2727 2730 2731 2732
       2739 2740 2741 2742 2745 2746 2747 2750 2751 2752 2754 2756
       2795 2808 2809 2810 2811 2812 2813 2818 2831 2832 2844 2858
       2859 2868 2875 2886 2904 2911 2932 2934 2935 2936 2937 2940
       2944 2950 2951 2952 2953 2954 2976 2987 3011 3037 3046 3048
       3050 3051 3052 3053 3054 3055 3056 3057 3058 3059 3065 3069
       3071 3072 3073 3078 3085 3091 3093 3096 3105 3107 3112 3115
       3117 3126 3130 3134 3139 3144 3146 3153 3157 3162 3165 3169
       3177 3179 3185 3187 3188 3190 3191 3200 3208 3214 3220 3222
       3230 3231 3235 3243 3246 3254 3261 3262 3289 3291 3292 3293
       3294 3295 3300 3303 3305 3311 3312 3313 3325 3326 3327 3333
       3335 3342 3351 3354 3360 3363 3364 3366 3367 3368 3369 3371
       3375 3388 3395 3400 3403 3414 3415 3416 3417 3418 3419 3420
       3421 3423 3434 3437 3456 3490 3492 3493 3494 3516 3521 3523
       3524 3535 3536 3537 3538 3566 3582 3589 3613 3626 3759 3835
       3839 3840 3865 3867 3935 3940 3988 3991 3992 3994 4017 4018
       4021 4024 4030 4036 4067 4069 4070 4077 4087 4113 4114 4116
       4118 4124 4126 4151 4154 4155 4156 4164 4168 4169 4170 4171
       4173 4175 4179 4198 4289 $
2    31 32 51 52 53 54 55 57 75 76 130 159 164 165 175 177 191 215
       221 222 236 237 238 239 240 259 280 333 341 346 406 462 471
       498 499 501 503 578 587 594 595 597 607 663 700 713 718 787
       793 794 795 807 808 809 810 814 896 920 955 956 1002 1003 1004
       1005 1006 1007 1008 1009 1010 1011 1012 1013 1014 1015 1065
       1088 1089 1090 1091 1092 1097 1152 1153 1158 1159 1174 1177
       1179 1205 1208 1248 1287 1308 1324 1327 1358 1366 1381 1386
       1396 1404 1411 1427 1428 1429 1456 1513 1544 1574 1582 1583
       1603 1609 1614 1647 1662 1664 1675 1702 1754 1755 1763 1776
       1793 1799 1800 1802 1803 1804 1805 1806 1807 1808 1809 1811
       1816 1822 1825 1827 1861 1887 1918 1926 1973 1974 1985 1989
       2059 2060 2061 2062 2063 2067 2068 2101 2214 2226 2227 2254
       2278 2279 2300 2311 2318 2319 2320 2321 2327 2340 2352 2415
       2441 2445 2448 2451 2461 2545 2546 2547 2548 2578 2585 2588
       2589 2590 2594 2644 2667 2668 2670 2671 2672 2686 2698 2701
       2720 2721 2725 2753 2755 2758 2768 2769 2770 2779 2802 2833
       2839 2853 2855 2856 2857 2862 2865 2869 2870 2871 2872 2874
       2972 2992 2993 2994 3004 3021 3035 3036 3064 3079 3082 3135
       3151 3156 3197 3219 3224 3234 3257 3284 3348 3358 3359 3362
       3372 3378 3379 3380 3384 3385 3405 3409 3413 3424 3451 3453
       3455 3467 3484 3485 3488 3500 3507 3526 3539 3540 3549 3551
       3552 3553 3554 3555 3556 3567 3586 3588 3597 3598 3602 3603
       3604 3605 3606 3616 3627 3628 3629 3632 3633 3636 3637 3639
       3651 3657 3659 3661 3662 3663 3664 3665 3672 3680 3681 3694
       3695 3696 3697 3698 3699 3700 3702 3719 3728 3729 3730 3743
       3744 3750 3751 3752 3753 3754 3755 3756 3757 3758 3764 3765
       3772 3773 3778 3779 3792 3793 3795 3796 3797 3798 3807 3810
       3817 3819 3827 3828 3832 3834 3836 3837 3845 3846 3847 3855
       3856 3866 3868 3869 3871 3872 3875 3876 3881 3884 3896 3899
       3901 3906 3909 3912 3913 3914 3915 3918 3920 3925 3930 3934
       3938 3946 3949 3953 3959 3963 3965 3978 3980 3990 3993 3996
       3997 4006 4012 4023 4060 4071 4172 4176 4180 4186 4192 4195
       4201 4202 4208 4213 4214 4215 4216 4217 4228 4229 4230 4231
       4252 4254 4258 4259 4261 4262 4265 4266 4268 4278 4288 $
3    16 17 20 22 40 63 67 74 87 95 119 139 186 187 188 189 190 223
       228 234 251 253 256 260 261 299 330 380 381 386 450 482 524
       551 560 576 586 614 665 707 848 849 850 851 852 853 854 855
       856 857 895 911 917 968 991 1016 1035 1039 1040 1043 1116 1176
       1182 1246 1257 1258 1285 1372 1400 1401 1481 1518 1537 1541
       1617 1641 1716 1717 1718 1719 1720 1721 1722 1778 1789 1792
       1812 1813 1817 1823 1853 1879 1908 1930 1972 2087 2166 2200
       2215 2260 2276 2317 2337 2350 2369 2370 2401 2402 2403 2404
       2405 2406 2418 2420 2481 2509 2512 2572 2575 2601 2605 2645
       2666 2687 2743 2757 2761 2762 2780 2783 2793 2796 2797 2829
       2834 2840 2863 2876 2879 2888 2890 2891 2892 2902 2926 2931
       2939 2942 2962 2967 2969 2983 2989 2999 3014 3018 3028 3029
       3030 3041 3067 3077 3080 3088 3089 3090 3097 3098 3099 3100
       3101 3114 3119 3148 3150 3163 3166 3168 3196 3215 3216 3223
       3225 3247 3248 3266 3271 3272 3280 3307 3310 3321 3334 3391
       3392 3407 3474 3478 3503 3505 3508 3545 3581 3595 3607 3609
       3621 3622 3625 3649 3669 3679 3692 3706 3715 3732 3734 3742
       3748 3771 3784 3870 3887 3889 3890 3894 3919 3922 3924 3933
       3962 4028 4037 4053 4054 4056 4073 4076 4081 4095 4105 4106
       4107 4121 4135 4136 4141 4142 4143 4162 4167 4183 4220 4221
       4222 4224 4227 4237 4260 4270 4279 4285 $
4    88 121 122 123 124 125 126 127 128 129 132 147 150 153 154 158
       167 179 183 207 244 245 246 247 361 376 377 378 379 397 407
       408 428 430 431 434 435 436 437 438 439 440 444 445 457 458
       464 474 577 674 675 676 768 781 884 889 945 946 996 997 998
       999 1068 1069 1070 1071 1072 1073 1074 1075 1076 1078 1080 1168
       1183 1187 1189 1190 1191 1192 1193 1194 1195 1196 1250 1290
       1291 1292 1293 1295 1313 1314 1315 1316 1317 1318 1348 1360
       1361 1362 1365 1368 1441 1443 1444 1445 1447 1453 1570 1571
       1639 1756 1794 1795 1838 1839 1840 1848 1849 1850 1851 1855
       1907 1939 1940 1941 1942 1943 1944 1945 1946 1947 1948 1949
       2073 2302 2304 2331 2367 2433 2442 2454 2455 2456 2457 2458
       2459 2463 2464 2466 2467 2468 2469 2470 2523 2524 2525 2526
       2527 2528 2553 2566 2744 2900 2916 2978 3006 3042 3104 3108
       3181 3182 3207 3252 3260 3281 3282 3337 3339 3733 3775 3805
       3858 3879 4016 4029 4072 $
5    11 98 272 284 433 468 469 470 528 529 530 531 671 672 673 788
       789 790 791 843 1036 1138 1161 1162 1163 1164 1165 1591 1592
       1593 1594 1595 1596 1597 1598 1599 1600 1601 1602 1629 1630
       1631 1632 1633 1634 1636 1637 1638 1658 1659 1660 1661 1706
       1771 1775 1986 2297 2624 2946 2964 3147 3170 3171 3172 3173
       3174 3209 3210 3211 3256 3320 3383 3406 3470 3654 3655 3891
       3895 3973 3983 4096 4097 4098 4099 4100 4111 4112 4115 4199
       4256 $
6    302 335 348 349 350 412 429 451 570 585 642 1044 1100 1245 1251
       1253 1284 1476 1478 1497 1640 1818 1819 1869 1881 2000 2077
       2085 2339 2444 2555 2599 2711 2765 2776 2825 2945 2947 2948
       2955 2980 2984 3000 3001 3005 3007 3008 3022 3032 3038 3039
       3040 3045 3062 3083 3095 3121 3149 3167 3245 3251 3314 3315
       3393 3426 3452 3615 4094 4108 4146 $
7    47 307 308 309 310 311 312 730 731 732 733 734 735 736 737 738
       739 740 741 742 743 744 745 746 747 748 749 750 751 752 753
       754 755 756 757 758 759 760 761 762 763 764 765 766 767 769
       772 1505 1506 1507 1516 1517 2421 2422 2514 2541 2579 2623 3010
       3259 3735 3885 3886 3989 4033 4117 $
8    23 417 423 424 425 426 427 842 844 885 886 888 944 1173 1370 1371
       1406 1540 1676 1678 1679 1680 1681 1682 1683 1684 1685 1686
       1687 1688 1862 1868 2109 2284 2285 2286 2287 2395 2397 2398
       2399 2400 2507 3087 3176 3212 3213 3611 3612 4233 4234 $
9    5 99 174 339 405 520 527 565 907 908 909 912 922 1101 1342 1539
       1575 1576 1648 1741 1772 1852 1866 1870 2022 2091 2165 2231
       2338 2423 2600 2702 2738 2899 2905 2925 3349 3373 3472 3542
       3544 3546 3642 3648 3717 3799 3842 3843 3873 4263 $
10   233 319 581 582 583 599 600 601 602 603 604 605 639 640 686 687
       691 692 693 694 696 697 705 706 720 820 1496 1522 1652 1653
       1655 1656 2259 2348 2349 2493 2789 2823 2835 2912 2975 3178
       3193 3345 3986 4074 4075 4148 4225 $
11   136 137 144 395 443 559 591 963 1081 1094 1185 1186 1204 1206
       1297 1299 1301 1302 1455 1515 1605 1674 1752 1753 1890 1891
       1892 2205 2299 2306 2308 2314 2377 2474 2475 2531 2621 2622
       2680 2681 2733 2759 2764 2788 2986 3016 3024 4032 $
12   513 514 515 516 517 519 1219 1303 1824 1842 2008 2016 2021 2104
       2241 2242 2393 2409 2414 2449 2479 2592 2593 2608 2609 2662
       2715 2716 2717 2991 3206 3238 3239 3907 4042 4044 4045 4046
       4047 4048 4049 4050 4051 4052 4083 $
13   60 193 196 410 835 838 1020 1167 1433 1983 2382 2656 2657 2658
       2659 2669 2785 3086 3122 3159 3336 3347 3560 3561 3562 3563
       3568 3569 3570 3571 3572 3573 3574 3575 3610 3634 3916 3917
       3943 3977 4187 4188 4189 $
14   34 35 66 135 396 414 452 453 654 655 656 657 658 659 660 680 901
       1033 1469 1542 2574 2824 2893 3227 3882 4196 4269 4275 $
15   103 182 274 840 1241 1562 1690 1757 1990 1991 1992 1993 1994 1995
       2081 2083 2283 2365 2484 2485 2486 2510 2567 2910 3123 3267
       3273 3877 $
16   104 105 106 278 279 297 398 467 1041 1125 1126 1127 1128 1129
       1130 1169 1418 1419 2794 2959 3720 3724 3874 3955 3956 3957
       3981 3982 $
17   9 110 111 112 113 114 115 116 117 118 461 774 862 1240 1697 2014
       2543 2604 3033 3066 3068 3550 4065 4129 $
18   332 334 537 538 847 987 988 989 1112 1113 1114 1115 1118 1171
       1172 1329 1883 2806 2846 2847 2848 3683 3726 4110 $
19   502 556 557 558 1520 1577 1578 1584 1585 1586 1587 1588 1590 2113
       2272 3164 3240 3330 3331 3332 3666 3936 3937 3947 $
20   208 252 342 511 1294 1797 2072 2219 2220 2416 2554 2828 2906 2922
       3102 3154 3160 3161 3195 3440 3465 3547 3564 $
21   593 710 970 1064 1085 2070 2288 2492 2682 2801 2817 3194 3255
       3275 3276 3435 3441 3929 4007 4013 4020 4140 4158 $
22   316 318 518 1339 1523 2023 2024 2334 2412 2718 2841 3103 3113
       3221 3298 3299 3353 3386 3620 4138 $
23   64 140 141 142 143 145 146 216 217 509 611 1216 1220 2001 2728
       3608 3761 4134 $
24   383 384 388 389 390 391 637 1345 1643 2804 2805 3468 3476 3479
       4103 $
25   161 616 1225 1402 3442 3443 3444 3445 3446 3447 3448 3449 4041
       4043 $
26   94 277 477 925 1569 2233 2234 2235 2236 2237 2238 2239 3269 $
27   1726 1727 1728 1729 1730 1731 1732 1733 1734 1736 1737 1738 3785 $
28   370 392 598 1934 1961 2267 2268 2269 2270 2271 2957 4031 $
29   466 864 1319 1320 1321 1457 1458 1459 1913 2774 4190 $
30   596 1394 1871 2988 3009 3026 3027 3183 3258 4061 4290 $
31   670 1139 1140 1141 1142 1143 1144 1145 1146 1147 1148 $
32   1120 1296 2655 2689 2695 2696 2697 2735 3496 4000 4009 $
33   38 1198 1271 1645 2225 2611 3701 3782 3853 4292 $
34   89 294 778 1867 2092 2540 3599 3600 3601 4191 $
35   275 276 351 352 1962 1963 1964 1969 1970 2597 $
36   362 786 921 974 2329 3803 3804 3809 3848 4295 $
37   366 572 836 839 1561 2584 3532 3533 3534 3791 $
38   932 933 934 935 937 939 940 942 943 4282 $
39   1282 1373 1374 1375 1377 1378 1379 1380 1382 2511 $
40   1350 1351 1352 1353 1354 1355 1356 1357 1610 1611 $
41   56 152 156 643 1535 2074 2552 2683 3398 $
42   257 441 1549 2603 2709 2710 3425 3638 3851 $
43   285 286 287 288 289 290 291 1766 4123 $
44   293 490 491 492 493 1439 2569 2974 4251 $
45   447 1024 1025 2371 2372 2373 2374 2375 2729 $
46   615 1106 1227 1228 1229 1230 1624 1769 2381 $
47   1424 1953 1954 1955 1956 1957 1958 1959 1997 $
48   2322 2323 2324 2325 2326 2328 3910 4276 4277 $
49   72 3515 3522 3527 3528 3529 3530 3531 $
50   212 483 495 1695 1739 2518 3587 3647 $
51   869 870 871 872 873 1021 1022 1023 $
52   874 875 876 877 878 879 880 1644 $
53   1178 1217 2748 3129 3557 3558 3630 3631 $
54   1743 2736 2737 2815 2949 2960 3003 4064 $
55   25 385 649 1334 3043 3244 4131 $
56   83 176 3584 3859 3903 3904 3905 $
57   100 101 1199 1270 1275 1833 1967 $
58   120 589 1543 1589 1987 3708 3721 $
59   151 2089 2344 2482 3880 4248 4249 $
60   641 2262 2820 2821 2881 2884 2885 $
61   709 711 712 714 715 716 717 $
62   806 1461 1834 2380 3428 3429 3583 $
63   1093 1514 2248 2250 2251 2354 3806 $
64   1131 1132 1133 1134 1135 1136 1137 $
65   1435 1436 1437 1438 1927 3374 3438 $
66   2434 2435 2436 2437 2438 2439 2440 $
67   3707 3722 3723 3760 3763 3766 4253 $
68   90 91 931 1572 1791 3718 $
69   180 729 1170 1462 3579 3668 $
70   331 819 1369 3034 3047 3060 $
71   546 547 548 549 550 2387 $
72   681 682 683 684 685 2055 $
73   858 860 861 865 1508 2878 $
74   899 900 902 903 904 2571 $
75   972 975 976 1425 3802 3863 $
76   1343 1392 1393 1395 1460 4226 $
77   1387 1388 1389 1765 1960 4130 $
78   1498 1499 1500 1501 1502 1619 $
79   2355 2918 2919 2920 2956 2985 $
80   78 79 80 81 82 $
81   248 249 953 2427 3714 $
82   327 1642 1748 2704 2707 $
83   399 400 401 402 403 $
84   536 1057 2097 2162 2164 $
85   561 1042 1503 1504 3682 $
86   573 811 818 1931 3838 $
87   1058 2196 3673 3674 4287 $
88   1209 1210 1213 2591 3939 $
89   1464 1465 1466 1467 1468 $
90   1710 1711 1712 1713 1714 $
91   1821 1920 1921 1922 1923 $
92   1900 1901 1902 1903 1904 $
93   1909 1910 1911 1912 1915 $
94   2792 3738 3739 3801 4274 $
95   3543 3643 3644 3709 3862 $
96   3 409 2417 3745 $
97   39 775 1780 3671 $
98   166 168 169 170 $
99   224 225 226 413 $
100  229 230 231 232 $
101  300 3277 3278 3279 $
102  347 1096 1573 2771 $
103  354 868 2246 3180 $
104  415 416 2866 2877 $
105  494 2887 2917 3242 $
106  592 1252 1254 3794 $
107  699 2244 2255 2386 $
108  701 702 703 704 $
109  770 1486 2699 3477 $
110  948 949 950 951 $
111  1663 3958 3971 3979 $
112  1783 1784 1785 1786 $
113  2071 2816 2850 2851 $
114  2216 2217 2930 3253 $
115  2240 2500 3198 3199 $
116  3517 3518 3519 3520 $
117  41 42 43 $
118  58 2586 2587 $
119  264 265 3892 $
120  266 4193 4194 $
121  315 317 1399 $
122  357 837 841 $
123  419 421 422 $
124  485 779 2495 $
125  497 2558 2560 $
126  504 505 506 $
127  553 2266 3346 $
128  622 628 629 $
129  688 689 690 $
130  798 799 800 $
131  803 804 805 $
132  821 2694 2898 $
133  905 3960 3961 $
134  919 923 926 $
135  924 927 928 $
136  981 1777 2505 $
137  994 1359 1538 $
138  1077 2256 2257 $
139  1084 3513 4264 $
140  1188 1197 1244 $
141  1277 1279 1280 $
142  1312 4039 4040 $
143  1407 1408 1899 $
144  1422 1423 3459 $
145  1448 1450 1452 $
146  1509 2981 2982 $
147  1545 1546 3703 $
148  1971 2606 2803 $
149  2114 3399 3489 $
150  2163 2201 2927 $
151  2194 2197 2199 $
152  2252 2428 3044 $
153  2263 3131 3132 $
154  2351 3645 3951 $
155  2563 4034 4035 $
156  2613 2614 2615 $
157  2627 3688 3689 $
158  2749 3995 4002 $
159  2849 4144 4145 $
160  2882 2883 2901 $
161  2970 3084 4078 $
162  2998 3152 4038 $
163  3302 3350 4092 $
164  3711 3783 3830 $
165  3944 3945 3950 $
166  3952 3968 3969 $
167  4003 4004 4005 $
168  4010 4011 4133 $
169  4055 4058 4059 $
170  77 1519 $
171  93 2275 $
172  185 3155 $
173  268 2703 $
174  281 282 $
175  367 3623 $
176  393 394 $
177  534 541 $
178  771 3290 $
179  1063 1471 $
180  1180 1181 $
181  1221 3270 $
182  1255 1256 $
183  1268 3690 $
184  1383 1384 $
185  1415 1416 $
186  1431 1432 $
187  1475 1700 $
188  1488 2830 $
189  1615 1616 $
190  1625 1627 $
191  1651 1654 $
192  1815 1820 $
193  1873 3106 $
194  1951 1952 $
195  1965 3808 $
196  2006 2261 $
197  2057 2058 $
198  2120 2705 $
199  2202 2203 $
200  2446 2807 $
201  2610 2663 $
202  2616 2617 $
203  2773 4160 $
204  2798 2799 $
205  2894 2895 $
206  3020 3232 $
207  3116 3471 $
208  3226 4125 $
209  3264 3265 $
210  3506 3509 $
211  3652 3653 $
212  3705 3713 $
213  3897 3898 $
214  3941 3942 $
215  3966 3967 $
216  4025 4026 $
217  4152 4153 $
218  1 $
219  4 $
220  6 $
221  33 $
222  37 $
223  59 $
224  61 $
225  86 $
226  107 $
227  131 $
228  157 $
229  163 $
230  178 $
231  209 $
232  218 $
233  220 $
234  242 $
235  255 $
236  283 $
237  292 $
238  313 $
239  314 $
240  344 $
241  353 $
242  363 $
243  368 $
244  387 $
245  404 $
246  420 $
247  459 $
248  487 $
249  500 $
250  525 $
251  544 $
252  555 $
253  562 $
254  574 $
255  588 $
256  621 $
257  638 $
258  644 $
259  662 $
260  668 $
261  777 $
262  782 $
263  863 $
264  881 $
265  910 $
266  913 $
267  947 $
268  973 $
269  980 $
270  990 $
271  1001 $
272  1031 $
273  1034 $
274  1052 $
275  1067 $
276  1103 $
277  1111 $
278  1117 $
279  1119 $
280  1200 $
281  1207 $
282  1211 $
283  1218 $
284  1224 $
285  1226 $
286  1242 $
287  1247 $
288  1259 $
289  1260 $
290  1266 $
291  1267 $
292  1272 $
293  1274 $
294  1278 $
295  1286 $
296  1322 $
297  1332 $
298  1333 $
299  1347 $
300  1367 $
301  1405 $
302  1414 $
303  1420 $
304  1426 $
305  1454 $
306  1473 $
307  1483 $
308  1491 $
309  1493 $
310  1548 $
311  1563 $
312  1565 $
313  1567 $
314  1581 $
315  1604 $
316  1668 $
317  1672 $
318  1707 $
319  1708 $
320  1709 $
321  1725 $
322  1779 $
323  1796 $
324  1814 $
325  1858 $
326  1882 $
327  1889 $
328  1893 $
329  1917 $
330  1932 $
331  1981 $
332  1998 $
333  2005 $
334  2011 $
335  2076 $
336  2124 $
337  2125 $
338  2191 $
339  2193 $
340  2198 $
341  2245 $
342  2253 $
343  2258 $
344  2274 $
345  2277 $
346  2281 $
347  2307 $
348  2309 $
349  2330 $
350  2343 $
351  2353 $
352  2356 $
353  2357 $
354  2360 $
355  2378 $
356  2407 $
357  2447 $
358  2499 $
359  2513 $
360  2529 $
361  2538 $
362  2544 $
363  2549 $
364  2570 $
365  2576 $
366  2583 $
367  2602 $
368  2618 $
369  2674 $
370  2676 $
371  2679 $
372  2690 $
373  2691 $
374  2708 $
375  2714 $
376  2719 $
377  2722 $
378  2734 $
379  2760 $
380  2778 $
381  2782 $
382  2787 $
383  2790 $
384  2800 $
385  2814 $
386  2827 $
387  2838 $
388  2896 $
389  2897 $
390  2903 $
391  2909 $
392  2915 $
393  2921 $
394  2923 $
395  2929 $
396  2958 $
397  2990 $
398  2995 $
399  2996 $
400  3012 $
401  3081 $
402  3158 $
403  3175 $
404  3237 $
405  3338 $
406  3340 $
407  3341 $
408  3352 $
409  3382 $
410  3430 $
411  3431 $
412  3436 $
413  3454 $
414  3457 $
415  3461 $
416  3462 $
417  3463 $
418  3464 $
419  3469 $
420  3475 $
421  3483 $
422  3486 $
423  3487 $
424  3495 $
425  3497 $
426  3501 $
427  3510 $
428  3511 $
429  3514 $
430  3525 $
431  3548 $
432  3596 $
433  3617 $
434  3619 $
435  3635 $
436  3641 $
437  3650 $
438  3656 $
439  3677 $
440  3678 $
441  3712 $
442  3716 $
443  3731 $
444  3741 $
445  3749 $
446  3762 $
447  3777 $
448  3780 $
449  3787 $
450  3790 $
451  3800 $
452  3814 $
453  3818 $
454  3820 $
455  3822 $
456  3831 $
457  3833 $
458  3850 $
459  3857 $
460  3860 $
461  3864 $
462  3878 $
463  3883 $
464  3888 $
465  3911 $
466  3927 $
467  3928 $
468  3954 $
469  3964 $
470  3974 $
471  3976 $
472  3985 $
473  3998 $
474  3999 $
475  4008 $
476  4014 $
477  4019 $
478  4022 $
479  4057 $
480  4082 $
481  4090 $
482  4132 $
483  4137 $
484  4147 $
485  4150 $
486  4159 $
487  4161 $
488  4163 $
489  4165 $
490  4166 $
491  4178 $
492  4206 $
493  4209 $
494  4223 $
495  4236 $
496  4246 $
497  4247 $
498  4255 $
499  4257 $
500  4271 $
501  4283 $
502  4286 $
503  4291 $
504  4293 $
505  4294 $
)
